0	113
0	30
0	204
1	277
1	78
1	102
2	16
2	14
2	83
3	14
3	234
3	292
4	16
4	155
4	10
5	2
5	155
5	149
6	204
6	117
6	181
7	79
7	142
7	86
8	234
8	88
8	369
9	127
9	210
9	129
10	34
10	126
10	60
11	325
11	158
11	75
12	290
12	93
12	117
13	61
13	202
13	55
14	171
14	254
14	145
15	34
15	37
15	139
16	247
16	201
16	90
17	189
17	155
17	260
18	197
18	63
18	170
19	93
19	46
19	55
20	309
20	93
20	165
21	206
21	48
21	176
22	141
22	66
22	1
23	23
23	0
23	117
24	79
24	88
24	31
25	29
25	13
25	17
26	292
26	227
26	55
27	20
27	198
27	144
28	4
28	252
28	171
29	195
29	86
29	108
30	123
30	114
30	144
31	129
31	117
31	1
32	155
32	49
32	161
33	171
33	34
33	16
34	93
34	117
34	34
35	113
35	69
35	155
36	34
36	163
36	171
37	16
37	108
37	102
38	185
38	15
38	44
39	83
39	108
39	0
40	69
40	171
40	192
41	189
41	120
41	57
42	45
42	62
42	290
43	52
43	1
43	141
44	149
44	113
44	92
45	155
45	284
45	146
46	181
46	176
46	154
47	187
47	119
47	110
48	155
48	16
48	89
49	10
49	53
49	75
50	3
50	283
50	51
51	234
51	237
51	55
52	181
52	75
52	280
53	62
53	1
53	351
54	111
54	181
54	173
55	257
55	236
55	65
56	110
56	88
56	129
57	235
57	129
57	62
58	129
58	94
58	3
59	151
59	142
59	103
60	29
60	1
60	108
61	137
61	60
61	156
62	61
62	119
62	173
63	164
63	258
63	155
64	129
64	155
64	138
65	269
65	246
65	173
66	20
66	60
66	80
67	232
67	1
67	0
68	207
68	195
68	8
69	141
69	16
69	3
70	309
70	157
70	22
71	204
71	344
71	15
72	129
72	83
72	16
73	98
73	142
73	14
74	228
74	219
74	139
75	146
75	165
75	167
76	154
76	123
76	173
77	20
77	128
77	55
78	16
78	69
78	44
79	133
79	20
79	60
80	142
80	297
80	141
81	246
81	114
81	233
82	141
82	154
82	136
83	19
83	129
83	15
84	149
84	207
84	60
85	51
85	55
85	116
86	79
86	114
86	162
87	246
87	171
87	141
88	60
88	146
88	173
89	75
89	311
89	185
90	219
90	162
90	88
91	181
91	113
91	75
92	220
92	93
92	176
93	98
93	73
93	247
94	29
94	59
94	129
95	51
95	16
95	74
96	195
96	320
96	18
97	211
97	94
97	73
98	3
98	73
98	149
99	207
99	3
99	181
100	134
100	2
100	202
101	161
101	102
101	246
102	179
102	41
102	35
103	256
103	16
103	176
104	55
104	83
104	79
105	91
105	73
105	29
106	55
106	79
106	232
107	195
107	60
107	16
108	201
108	292
108	75
109	129
109	171
109	91
110	0
110	171
110	123
111	123
111	234
111	3
112	128
112	60
112	155
113	0
113	5
113	232
114	176
114	133
114	110
115	162
115	141
115	53
116	55
116	1
116	13
117	13
117	143
117	311
118	164
118	119
118	83
119	196
119	254
119	79
120	151
120	171
120	258
121	217
121	79
121	256
122	93
122	171
122	34
123	228
123	139
123	16
124	1
124	189
124	60
125	183
125	20
125	114
126	16
126	198
126	127
127	292
127	3
127	16
128	27
128	20
128	14
129	171
129	199
129	107
130	111
130	212
130	114
131	246
131	1
131	51
132	358
132	60
132	55
133	258
133	36
133	195
134	155
134	15
134	326
135	80
135	42
135	171
136	141
136	246
136	105
137	14
137	111
137	141
138	79
138	67
138	127
139	207
139	88
139	265
140	117
140	34
140	180
141	16
141	84
141	186
142	14
142	180
142	290
143	0
143	258
143	120
144	171
144	157
144	247
145	46
145	93
145	1
146	273
146	57
146	75
147	86
147	43
147	171
148	130
148	82
148	155
149	273
149	229
149	19
150	75
150	10
150	22
151	154
151	1
151	155
152	273
152	155
152	325
153	154
153	195
153	74
154	141
154	1
154	108
155	117
155	111
155	129
156	171
156	141
156	226
157	5
157	277
157	343
158	88
158	16
158	336
159	277
159	5
159	246
160	29
160	171
160	1
161	14
161	191
161	266
162	60
162	177
162	15
163	232
163	29
163	195
164	93
164	83
164	246
165	106
165	129
165	223
166	134
166	93
166	176
167	129
167	164
167	127
168	118
168	53
168	55
169	112
169	114
169	235
170	1
170	157
170	19
171	311
171	118
171	45
172	60
172	45
172	154
173	0
173	45
173	246
174	0
174	123
174	173
175	123
175	20
175	195
176	69
176	84
176	79
177	155
177	51
177	22
178	197
178	207
178	235
179	55
179	149
179	10
180	192
180	309
180	129
181	141
181	5
181	185
182	60
182	129
182	133
183	113
183	348
183	198
184	173
184	292
184	147
185	107
185	217
185	73
186	94
186	230
186	254
187	49
187	72
187	93
188	111
188	155
188	180
189	115
189	309
189	141
190	143
190	62
190	69
191	185
191	146
191	206
192	159
192	1
192	141
193	239
193	0
193	164
194	113
194	41
194	134
195	258
195	147
195	141
196	184
196	118
196	235
197	155
197	113
197	114
198	139
198	160
198	8
199	1
199	24
199	0
200	132
200	80
200	171
201	5
201	277
201	382
202	171
202	93
202	298
203	273
203	195
203	325
204	180
204	326
204	250
205	141
205	76
205	170
206	102
206	246
206	250
207	220
207	18
207	88
208	112
208	127
208	265
209	279
209	114
209	181
210	30
210	8
210	34
211	82
211	165
211	129
212	16
212	73
212	141
213	162
213	55
213	48
214	60
214	154
214	40
215	202
215	75
215	142
216	77
216	195
216	211
217	105
217	55
217	141
218	75
218	333
218	151
219	4
219	290
219	123
220	110
220	0
220	34
221	16
221	155
221	129
222	123
222	20
222	230
223	3
223	20
223	90
224	233
224	181
224	135
225	16
225	196
225	129
226	165
226	142
226	118
227	74
227	155
227	139
228	173
228	2
228	154
229	356
229	6
229	93
230	176
230	207
230	196
231	114
231	0
231	54
232	176
232	171
232	0
233	55
233	277
233	256
234	129
234	128
234	114
235	199
235	112
235	89
236	162
236	55
236	100
237	63
237	1
237	60
238	235
238	1
238	21
239	20
239	92
239	114
240	171
240	192
240	57
241	105
241	1
241	141
242	187
242	0
242	180
243	173
243	185
243	20
244	110
244	236
244	1
245	108
245	16
245	117
246	75
246	92
246	158
247	189
247	176
247	134
248	127
248	139
248	61
249	130
249	88
249	127
250	171
250	35
250	147
251	161
251	277
251	59
252	154
252	94
252	105
253	273
253	129
253	45
254	79
254	181
254	83
255	129
255	12
255	176
256	79
256	199
256	218
257	155
257	48
257	111
258	171
258	105
258	92
259	207
259	2
259	50
260	204
260	217
260	55
261	141
261	45
261	16
262	358
262	235
262	73
263	140
263	201
263	171
264	289
264	93
264	155
265	114
265	247
265	141
266	97
266	155
266	292
267	169
267	141
267	258
268	134
268	123
268	0
269	148
269	31
269	132
270	90
270	111
270	87
271	154
271	185
271	67
272	127
272	34
272	131
273	164
273	163
273	76
274	0
274	370
274	155
275	151
275	164
275	19
276	181
276	82
276	142
277	141
277	62
277	297
278	234
278	27
278	250
279	210
279	171
279	375
280	129
280	171
280	193
281	149
281	138
281	45
282	0
282	155
282	129
283	55
283	196
283	20
284	4
284	295
284	10
285	258
285	197
285	94
286	141
286	338
286	117
287	237
287	154
287	55
288	155
288	76
288	16
289	223
289	180
289	311
290	247
290	59
290	56
291	15
291	326
291	14
292	0
292	114
292	142
293	17
293	325
293	162
294	74
294	155
294	25
295	116
295	194
295	147
296	170
296	149
296	153
297	173
297	311
297	280
298	1
298	27
298	3
299	155
299	123
299	45
300	0
300	155
300	107
301	235
301	0
301	237
302	348
302	5
302	93
303	136
303	216
303	155
304	75
304	93
304	375
305	109
305	153
305	204
306	102
306	79
306	110
307	47
307	79
307	176
308	5
308	110
308	112
309	268
309	1
309	209
310	31
310	65
310	366
311	138
311	16
311	163
312	112
312	181
312	63
313	174
313	93
313	145
314	88
314	129
314	0
315	155
315	93
315	40
316	221
316	114
316	164
317	41
317	19
317	153
318	113
318	10
318	88
319	137
319	155
319	273
320	127
320	84
320	16
321	292
321	62
321	144
322	62
322	55
322	346
323	195
323	1
323	29
324	29
324	325
324	165
325	75
325	134
325	141
326	258
326	117
326	234
327	129
327	228
327	114
328	98
328	207
328	237
329	15
329	137
329	45
330	273
330	88
330	173
331	192
331	142
331	114
332	48
332	46
332	110
333	16
333	197
333	176
334	62
334	249
334	194
335	16
335	14
335	108
336	239
336	110
336	176
337	180
337	34
337	0
338	144
338	171
338	154
339	181
339	260
339	89
340	123
340	31
340	103
341	155
341	86
341	79
342	181
342	144
342	258
343	102
343	83
343	246
344	73
344	156
344	228
345	74
345	27
345	173
346	60
346	73
346	11
347	141
347	171
347	233
348	162
348	7
348	110
349	309
349	138
349	157
350	82
350	29
350	15
351	137
351	112
351	16
352	34
352	138
352	155
353	60
353	187
353	348
354	16
354	137
354	90
355	311
355	127
355	10
356	221
356	1
356	3
357	60
357	85
357	258
358	79
358	97
358	86
359	43
359	20
359	93
360	114
360	180
360	108
361	195
361	27
361	311
362	123
362	221
362	5
363	197
363	27
363	171
364	151
364	311
364	162
365	165
365	206
365	94
366	19
366	93
366	1
367	60
367	308
367	75
368	91
368	48
368	59
369	5
369	27
369	76
370	129
370	0
370	59
371	63
371	60
371	14
372	76
372	48
372	141
373	228
373	53
373	110
374	148
374	292
374	18
375	138
375	207
375	114
376	16
376	236
376	115
377	129
377	71
377	128
378	162
378	143
378	14
379	231
379	117
379	62
380	171
380	52
380	112
381	108
381	155
381	93
382	181
382	171
382	48
383	181
383	96
383	142
384	52
384	97
384	134
385	16
385	82
385	171
386	108
386	60
386	130
387	16
387	27
387	55
388	93
388	88
388	379
389	15
389	5
389	246
390	90
390	171
390	144
391	176
391	249
391	134
392	185
392	297
392	0
393	181
393	154
393	114
394	16
394	22
394	114
395	171
395	114
395	140
396	258
396	27
396	38
397	246
397	155
397	88
398	127
398	94
398	29
399	147
399	123
399	149
400	114
400	164
400	260
401	196
401	188
401	325
402	311
402	86
402	155
403	228
403	243
403	0
404	88
404	246
404	138
405	155
405	191
405	161
406	230
406	256
406	13
407	258
407	75
407	10
408	270
408	206
408	186
409	72
409	138
409	111
410	154
410	138
410	219
411	171
411	249
411	15
412	171
412	152
412	69
413	209
413	123
413	146
414	377
414	171
414	55
415	15
415	20
415	176
416	57
416	171
416	181
417	29
417	83
417	110
418	111
418	60
418	171
419	55
419	129
419	236
420	235
420	308
420	114
421	114
421	162
421	246
422	5
422	41
422	164
423	117
423	377
423	52
424	155
424	90
424	48
425	250
425	111
425	27
426	83
426	170
426	16
427	106
427	277
427	280
428	195
428	102
428	138
429	3
429	246
429	161
430	144
430	79
430	52
431	60
431	59
431	236
432	129
432	27
432	181
433	25
433	76
433	181
434	88
434	139
434	129
435	344
435	113
435	108
436	132
436	93
436	16
437	129
437	229
437	55
438	133
438	237
438	237
439	51
439	45
439	133
440	185
440	154
440	98
441	148
441	146
441	181
442	73
442	181
442	134
443	127
443	145
443	258
444	113
444	173
444	143
445	92
445	20
445	171
446	16
446	82
446	55
447	93
447	206
447	120
448	98
448	171
448	199
449	336
449	244
449	127
450	246
450	110
450	171
451	128
451	114
451	250
452	223
452	51
452	171
453	220
453	28
453	155
454	127
454	16
454	44
455	65
455	146
455	76
456	204
456	51
456	1
457	181
457	311
457	1
458	247
458	192
458	224
459	155
459	185
459	10
460	86
460	154
460	230
461	155
461	232
461	255
462	146
462	128
462	155
463	30
463	89
463	173
464	73
464	290
464	181
465	20
465	171
465	129
466	245
466	5
466	113
467	123
467	0
467	99
468	164
468	207
468	114
469	232
469	171
469	102
470	55
470	262
470	137
471	170
471	149
471	138
472	171
472	31
472	216
473	311
473	202
473	235
474	176
474	118
474	93
475	34
475	164
475	297
476	84
476	134
476	95
477	280
477	16
477	3
478	129
478	233
478	173
479	3
479	198
479	1
480	103
480	69
480	51
481	149
481	110
481	142
482	155
482	141
482	16
483	109
483	55
483	210
484	0
484	134
484	112
485	297
485	62
485	0
486	176
486	139
486	16
487	133
487	221
487	119
488	75
488	142
488	196
489	236
489	83
489	93
490	141
490	127
490	198
491	129
491	290
491	161
492	134
492	14
492	3
493	110
493	129
493	171
494	108
494	78
494	127
495	181
495	142
495	44
496	181
496	185
496	149
497	258
497	202
497	55
498	195
498	167
498	134
499	88
499	309
499	111
500	136
500	206
500	143
501	0
501	208
501	297
502	76
502	119
502	171
503	80
503	203
503	147
504	3
504	256
504	260
505	130
505	79
505	77
506	79
506	88
506	17
507	179
507	81
507	60
508	129
508	88
508	84
509	201
509	353
509	60
510	158
510	230
510	217
511	84
511	141
511	154
512	142
512	161
512	256
513	207
513	20
513	18
514	246
514	114
514	189
515	79
515	201
515	63
516	95
516	155
516	1
517	16
517	227
517	185
518	16
518	164
518	235
519	143
519	113
519	155
520	55
520	143
520	234
521	138
521	34
521	141
522	123
522	153
522	2
523	93
523	210
523	1
524	164
524	162
524	235
525	46
525	235
525	156
526	93
526	140
526	82
527	72
527	139
527	16
528	20
528	4
528	239
529	181
529	57
529	155
530	123
530	273
530	171
531	164
531	83
531	204
532	100
532	29
532	34
533	103
533	98
533	146
534	16
534	181
534	30
535	185
535	113
535	34
536	171
536	236
536	102
537	24
537	176
537	325
538	196
538	166
538	55
539	232
539	181
539	117
540	1
540	196
540	317
541	93
541	155
541	314
542	14
542	258
542	29
543	235
543	177
543	173
544	228
544	134
544	113
545	236
545	156
545	253
546	228
546	123
546	16
547	41
547	258
547	10
548	114
548	141
548	154
549	141
549	127
549	214
550	164
550	14
550	303
551	227
551	46
551	138
552	21
552	84
552	16
553	336
553	28
553	114
554	48
554	176
554	170
555	232
555	55
555	358
556	76
556	205
556	10
557	171
557	201
557	292
558	220
558	10
558	75
559	155
559	137
559	164
560	0
560	93
560	13
561	51
561	129
561	0
562	132
562	20
562	48
563	50
563	236
563	83
564	171
564	176
564	167
565	34
565	163
565	60
566	171
566	110
566	232
567	114
567	145
567	246
568	55
568	138
568	80
569	125
569	119
569	207
570	93
570	151
570	196
571	16
571	112
571	127
572	140
572	1
572	14
573	311
573	147
573	235
574	0
574	129
574	142
575	10
575	326
575	171
576	63
576	181
576	55
577	144
577	277
577	75
578	117
578	60
578	65
579	73
579	123
579	66
580	44
580	93
580	258
581	163
581	192
581	137
582	149
582	173
582	128
583	225
583	34
583	227
584	101
584	29
584	171
585	184
585	171
585	48
586	149
586	145
586	93
587	3
587	246
587	16
588	96
588	309
588	233
589	149
589	64
589	4
590	113
590	35
590	41
591	15
591	16
591	173
592	235
592	64
592	311
593	325
593	196
593	164
594	113
594	29
594	171
595	197
595	55
595	34
596	102
596	142
596	87
597	41
597	165
597	174
598	180
598	164
598	23
599	171
599	181
599	297
600	88
600	29
600	204
601	190
601	125
601	123
602	141
602	258
602	146
603	171
603	164
603	204
604	142
604	181
604	42
605	60
605	236
605	62
606	88
606	117
606	93
607	190
607	0
607	171
608	171
608	98
608	29
609	129
609	86
609	33
610	139
610	358
610	269
611	181
611	69
611	148
612	62
612	203
612	230
613	218
613	185
613	0
614	171
614	27
614	8
615	129
615	75
615	55
616	94
616	195
616	225
617	137
617	114
617	181
618	61
618	89
618	139
619	171
619	111
619	96
620	0
620	144
620	62
621	115
621	141
621	138
622	0
622	134
622	142
623	113
623	185
623	246
624	208
624	340
624	156
625	138
625	3
625	44
626	93
626	115
626	260
627	256
627	141
627	108
628	155
628	71
628	0
629	4
629	207
629	93
630	155
630	63
630	223
631	256
631	27
631	127
632	221
632	194
632	14
633	1
633	193
633	123
634	29
634	164
634	110
635	280
635	9
635	87
636	154
636	9
636	206
637	88
637	129
637	18
638	247
638	23
638	181
639	148
639	146
639	368
640	112
640	153
640	162
641	20
641	181
641	167
642	158
642	179
642	29
643	254
643	112
643	114
644	0
644	238
644	113
645	88
645	0
645	149
646	196
646	141
646	19
647	45
647	55
647	49
648	122
648	155
648	98
649	155
649	8
649	358
650	0
650	120
650	61
651	165
651	206
651	8
652	171
652	84
652	81
653	258
653	86
653	188
654	108
654	173
654	55
655	190
655	14
655	144
656	298
656	173
656	233
657	89
657	79
657	199
658	73
658	93
658	132
659	3
659	20
659	10
660	155
660	298
660	10
661	164
661	97
661	141
662	180
662	10
662	207
663	167
663	1
663	80
664	171
664	207
664	13
665	182
665	110
665	8
666	141
666	78
666	292
667	138
667	214
667	171
668	62
668	249
668	273
669	138
669	171
669	86
670	171
670	90
670	10
671	29
671	73
671	209
672	196
672	123
672	83
673	94
673	171
673	325
674	146
674	139
674	43
675	73
675	290
675	145
676	96
676	171
676	34
677	171
677	171
677	290
678	325
678	155
678	164
679	111
679	5
679	225
680	75
680	48
680	246
681	164
681	311
681	55
682	167
682	34
682	65
683	258
683	98
683	65
684	46
684	235
684	190
685	129
685	139
685	60
686	84
686	176
686	57
687	62
687	204
687	127
688	287
688	60
688	5
689	287
689	76
689	138
690	294
690	75
690	147
691	181
691	179
691	75
692	0
692	73
692	210
693	10
693	121
693	207
694	62
694	16
694	141
695	0
695	82
695	48
696	10
696	112
696	17
697	177
697	37
697	60
698	307
698	14
698	48
699	75
699	0
699	129
700	96
700	84
700	79
701	173
701	0
701	74
702	87
702	170
702	241
703	3
703	258
703	60
704	309
704	34
704	155
705	155
705	83
705	18
706	171
706	240
706	164
707	161
707	39
707	29
708	140
708	199
708	60
709	10
709	298
709	196
710	3
710	247
710	237
711	27
711	139
711	133
712	138
712	171
712	207
713	181
713	162
713	309
714	31
714	114
714	187
715	171
715	210
715	48
716	171
716	16
716	310
717	149
717	18
717	15
718	272
718	195
718	297
719	151
719	127
719	258
720	62
720	146
720	15
721	210
721	1
721	134
722	107
722	235
722	220
723	155
723	7
723	220
724	117
724	32
724	154
725	171
725	61
725	246
726	214
726	16
726	195
727	118
727	18
727	20
728	51
728	171
728	16
729	141
729	287
729	173
730	14
730	147
730	238
731	250
731	210
731	75
732	201
732	41
732	243
733	102
733	312
733	151
734	236
734	44
734	130
735	295
735	176
735	93
736	75
736	351
736	8
737	48
737	16
737	155
738	69
738	29
738	170
739	163
739	16
739	171
740	172
740	61
740	297
741	10
741	241
741	204
742	185
742	114
742	191
743	28
743	83
743	309
744	309
744	16
744	171
745	31
745	207
745	181
746	84
746	137
746	8
747	282
747	204
747	219
748	181
748	6
748	156
749	14
749	246
749	93
750	164
750	246
750	200
751	223
751	154
751	170
752	155
752	79
752	141
753	290
753	73
753	256
754	258
754	181
754	182
755	138
755	180
755	75
756	7
756	83
756	123
757	155
757	11
757	29
758	258
758	117
758	34
759	14
759	201
759	76
760	247
760	16
760	164
761	98
761	119
761	3
762	155
762	161
762	184
763	107
763	34
763	156
764	309
764	55
764	28
765	297
765	187
765	92
766	18
766	34
766	176
767	309
767	164
767	25
768	246
768	192
768	62
769	333
769	133
769	31
770	123
770	164
770	20
771	113
771	141
771	246
772	62
772	161
772	358
773	16
773	15
773	114
774	27
774	214
774	155
775	180
775	55
775	46
776	117
776	10
776	358
777	51
777	63
777	175
778	16
778	155
778	16
779	221
779	1
779	114
780	290
780	277
780	127
781	380
781	90
781	250
782	0
782	134
782	171
783	154
783	235
783	201
784	76
784	158
784	114
785	167
785	309
785	171
786	250
786	151
786	127
787	179
787	181
787	235
788	149
788	28
788	19
789	30
789	107
789	173
790	363
790	10
790	65
791	29
791	181
791	214
792	2
792	55
792	74
793	14
793	204
793	60
794	260
794	141
794	234
795	111
795	161
795	45
796	234
796	129
796	55
797	80
797	155
797	138
798	82
798	235
798	311
799	15
799	258
799	62
800	123
800	45
800	190
801	106
801	206
801	175
802	125
802	31
802	173
803	20
803	153
803	27
804	149
804	112
804	29
805	258
805	60
805	71
806	141
806	74
806	163
807	309
807	97
807	39
808	20
808	171
808	60
809	93
809	59
809	31
810	14
810	164
810	162
811	75
811	246
811	277
812	204
812	146
812	113
813	138
813	3
813	79
814	41
814	155
814	155
815	195
815	127
815	181
816	184
816	16
816	206
817	205
817	102
817	34
818	229
818	164
818	155
819	155
819	174
819	178
820	65
820	110
820	298
821	162
821	0
821	88
822	19
822	134
822	96
823	52
823	88
823	325
824	181
824	171
824	258
825	107
825	34
825	185
826	133
826	55
826	277
827	93
827	68
827	79
828	29
828	258
828	181
829	0
829	60
829	246
830	123
830	311
830	210
831	260
831	102
831	102
832	297
832	120
832	83
833	29
833	110
833	63
834	34
834	158
834	164
835	180
835	112
835	53
836	223
836	114
836	20
837	188
837	228
837	117
838	167
838	219
838	129
839	112
839	46
839	93
840	130
840	115
840	146
841	129
841	16
841	75
842	171
842	213
842	258
843	65
843	238
843	149
844	141
844	258
844	173
845	41
845	16
845	127
846	171
846	265
846	51
847	114
847	326
847	235
848	110
848	358
848	157
849	63
849	199
849	168
850	325
850	227
850	75
851	164
851	147
851	246
852	192
852	171
852	201
853	60
853	292
853	3
854	34
854	139
854	20
855	197
855	74
855	170
856	35
856	79
856	75
857	155
857	180
857	7
858	73
858	227
858	12
859	12
859	290
859	153
860	252
860	233
860	27
861	189
861	93
861	75
862	93
862	4
862	31
863	190
863	51
863	155
864	155
864	196
864	338
865	166
865	325
865	93
866	114
866	266
866	10
867	125
867	125
867	29
868	89
868	97
868	214
869	16
869	55
869	141
870	108
870	164
870	167
871	237
871	164
871	228
872	55
872	32
872	141
873	161
873	97
873	229
874	42
874	16
874	107
875	102
875	277
875	312
876	46
876	210
876	216
877	29
877	34
877	156
878	195
878	27
878	358
879	277
879	3
879	233
880	277
880	257
880	1
881	75
881	97
881	8
882	144
882	60
882	138
883	34
883	114
883	55
884	89
884	129
884	224
885	95
885	173
885	191
886	149
886	79
886	181
887	102
887	222
887	1
888	3
888	171
888	258
889	236
889	93
889	171
890	237
890	20
890	141
891	325
891	0
891	7
892	16
892	185
892	181
893	146
893	155
893	9
894	63
894	155
894	256
895	147
895	34
895	82
896	155
896	358
896	60
897	60
897	174
897	163
898	180
898	249
898	311
899	20
899	181
899	1
900	15
900	16
900	144
901	316
901	18
901	171
902	141
902	217
902	121
903	94
903	171
903	16
904	171
904	88
904	2
905	55
905	16
905	93
906	54
906	258
906	79
907	280
907	138
907	153
908	156
908	223
908	358
909	297
909	246
909	1
910	0
910	273
910	1
911	171
911	28
911	290
912	74
912	207
912	269
913	27
913	75
913	16
914	14
914	164
914	16
915	84
915	94
915	154
916	258
916	161
916	55
917	142
917	18
917	171
918	154
918	180
918	8
919	127
919	29
919	27
920	311
920	173
920	113
921	139
921	60
921	154
922	4
922	288
922	141
923	93
923	114
923	133
924	176
924	129
924	258
925	123
925	358
925	142
926	204
926	151
926	108
927	201
927	88
927	106
928	195
928	110
928	134
929	12
929	258
929	65
930	112
930	129
930	113
931	173
931	3
931	325
932	206
932	271
932	243
933	129
933	171
933	210
934	176
934	123
934	288
935	51
935	307
935	45
936	20
936	195
936	75
937	247
937	139
937	164
938	108
938	76
938	142
939	45
939	116
939	40
940	123
940	351
940	3
941	246
941	127
941	181
942	308
942	181
942	47
943	165
943	171
943	123
944	114
944	206
944	41
945	171
945	113
945	359
946	191
946	165
946	95
947	195
947	17
947	102
948	8
948	102
948	88
949	170
949	225
949	147
950	113
950	268
950	60
951	134
951	230
951	8
952	138
952	156
952	201
953	171
953	338
953	7
954	1
954	248
954	0
955	215
955	336
955	14
956	111
956	207
956	60
957	51
957	162
957	1
958	51
958	180
958	253
959	16
959	180
959	164
960	172
960	102
960	15
961	290
961	102
961	174
962	79
962	75
962	210
963	34
963	158
963	173
964	155
964	107
964	145
965	126
965	204
965	241
966	113
966	202
966	16
967	298
967	88
967	225
968	93
968	171
968	137
969	156
969	93
969	31
970	246
970	171
970	30
971	8
971	325
971	252
972	93
972	14
972	184
973	107
973	81
973	91
974	170
974	208
974	148
975	59
975	102
975	138
976	149
976	190
976	74
977	220
977	280
977	1
978	232
978	187
978	123
979	93
979	232
979	83
980	0
980	171
980	211
981	137
981	219
981	45
982	154
982	147
982	155
983	256
983	149
983	171
984	44
984	107
984	155
985	107
985	163
985	258
986	108
986	84
986	13
987	128
987	155
987	250
988	73
988	292
988	156
989	155
989	258
989	93
990	127
990	8
990	108
991	171
991	258
991	10
992	76
992	41
992	170
993	141
993	20
993	185
994	55
994	171
994	319
995	237
995	258
995	158
996	280
996	155
996	141
997	168
997	55
997	311
998	16
998	1
998	328
999	202
999	316
999	0
1000	235
1000	49
1000	44
1001	0
1001	148
1001	246
1002	154
1002	117
1002	123
1003	73
1003	181
1003	142
1004	210
1004	20
1004	21
1005	193
1005	129
1005	16
1006	36
1006	48
1006	73
1007	204
1007	155
1007	141
1008	171
1008	53
1008	167
1009	45
1009	16
1009	36
1010	14
1010	260
1010	113
1011	88
1011	344
1011	16
1012	88
1012	10
1012	11
1013	155
1013	280
1013	138
1014	117
1014	94
1014	94
1015	15
1015	93
1015	114
1016	95
1016	13
1016	60
1017	235
1017	343
1017	155
1018	258
1018	193
1018	14
1019	280
1019	29
1019	181
1020	49
1020	181
1020	88
1021	151
1021	154
1021	163
1022	256
1022	117
1022	94
1023	173
1023	181
1023	154
1024	129
1024	164
1024	147
1025	258
1025	155
1025	162
1026	74
1026	60
1026	175
1027	195
1027	369
1027	10
1028	76
1028	114
1028	292
1029	16
1029	171
1029	141
1030	127
1030	16
1030	154
1031	77
1031	107
1031	246
1032	147
1032	34
1032	164
1033	3
1033	84
1033	34
1034	80
1034	98
1034	224
1035	79
1035	155
1035	88
1036	250
1036	123
1036	0
1037	212
1037	292
1037	93
1038	29
1038	141
1038	115
1039	277
1039	155
1039	137
1040	176
1040	141
1040	76
1041	60
1041	155
1041	258
1042	139
1042	181
1042	53
1043	94
1043	36
1043	55
1044	173
1044	134
1044	141
1045	277
1045	75
1045	220
1046	32
1046	207
1046	114
1047	151
1047	31
1047	173
1048	3
1048	358
1048	243
1049	219
1049	129
1049	161
1050	48
1050	358
1050	142
1051	16
1051	260
1051	5
1052	14
1052	137
1052	237
1053	108
1053	55
1053	123
1054	129
1054	15
1054	72
1055	195
1055	280
1055	256
1056	134
1056	45
1056	16
1057	75
1057	210
1057	358
1058	45
1058	0
1058	238
1059	23
1059	9
1059	139
1060	219
1060	15
1060	20
1061	220
1061	235
1061	125
1062	55
1062	237
1062	246
1063	144
1063	111
1063	171
1064	358
1064	222
1064	148
1065	61
1065	204
1065	216
1066	338
1066	181
1066	206
1067	113
1067	258
1067	184
1068	210
1068	130
1068	292
1069	16
1069	100
1069	139
1070	55
1070	162
1070	51
1071	115
1071	0
1071	148
1072	236
1072	229
1072	171
1073	60
1073	171
1073	56
1074	150
1074	155
1074	141
1075	162
1075	325
1075	138
1076	180
1076	16
1076	254
1077	28
1077	1
1077	112
1078	42
1078	129
1078	55
1079	73
1079	58
1079	141
1080	3
1080	144
1080	60
1081	60
1081	155
1081	247
1082	12
1082	149
1082	88
1083	93
1083	115
1083	34
1084	180
1084	249
1084	42
1085	141
1085	236
1085	62
1086	184
1086	164
1086	246
1087	2
1087	230
1087	16
1088	55
1088	60
1088	292
1089	15
1089	232
1089	165
1090	123
1090	129
1090	29
1091	58
1091	110
1091	204
1092	290
1092	188
1092	38
1093	123
1093	34
1093	173
1094	141
1094	3
1094	79
1095	262
1095	5
1095	138
1096	14
1096	109
1096	128
1097	3
1097	309
1097	1
1098	14
1098	141
1098	334
1099	246
1099	75
1099	162
1100	235
1100	69
1100	90
1101	141
1101	358
1101	175
1102	155
1102	311
1102	32
1103	138
1103	114
1103	151
1104	173
1104	119
1104	20
1105	231
1105	309
1105	181
1106	16
1106	138
1106	5
1107	84
1107	292
1107	3
1108	260
1108	88
1108	29
1109	12
1109	381
1109	171
1110	252
1110	51
1110	139
1111	235
1111	29
1111	62
1112	141
1112	252
1112	209
1113	60
1113	262
1113	14
1114	16
1114	358
1114	14
1115	119
1115	74
1115	14
1116	139
1116	273
1116	146
1117	20
1117	105
1117	162
1118	155
1118	257
1118	22
1119	262
1119	230
1119	225
1120	139
1120	171
1120	51
1121	67
1121	210
1121	258
1122	88
1122	5
1122	129
1123	232
1123	88
1123	91
1124	31
1124	176
1124	228
1125	16
1125	87
1125	235
1126	0
1126	20
1126	114
1127	171
1127	129
1127	51
1128	41
1128	173
1128	71
1129	146
1129	162
1129	0
1130	162
1130	84
1130	181
1131	181
1131	176
1131	249
1132	20
1132	62
1132	27
1133	134
1133	113
1133	127
1134	260
1134	138
1134	181
1135	8
1135	196
1135	290
1136	34
1136	235
1136	84
1137	216
1137	155
1137	31
1138	55
1138	141
1138	207
1139	8
1139	155
1139	183
1140	129
1140	16
1140	186
1141	322
1141	171
1141	235
1142	196
1142	165
1142	235
1143	149
1143	155
1143	60
1144	173
1144	94
1144	249
1145	1
1145	0
1145	246
1146	79
1146	181
1146	195
1147	16
1147	195
1147	34
1148	199
1148	146
1148	15
1149	351
1149	194
1149	24
1150	185
1150	309
1150	0
1151	0
1151	254
1151	243
1152	84
1152	88
1152	146
1153	38
1153	41
1153	27
1154	184
1154	258
1154	55
1155	81
1155	166
1155	60
1156	170
1156	69
1156	141
1157	10
1157	358
1157	171
1158	111
1158	192
1158	164
1159	195
1159	346
1159	0
1160	195
1160	171
1160	290
1161	55
1161	309
1161	93
1162	206
1162	210
1162	254
1163	288
1163	14
1163	8
1164	69
1164	176
1164	16
1165	52
1165	89
1165	204
1166	38
1166	311
1166	1
1167	37
1167	114
1167	151
1168	16
1168	196
1168	75
1169	62
1169	34
1169	110
1170	48
1170	14
1170	207
1171	114
1171	129
1171	158
1172	204
1172	205
1172	102
1173	34
1173	97
1173	96
1174	173
1174	292
1174	0
1175	141
1175	171
1175	297
1176	95
1176	14
1176	196
1177	201
1177	148
1177	123
1178	20
1178	17
1178	48
1179	22
1179	72
1179	123
1180	82
1180	20
1180	161
1181	277
1181	65
1181	311
1182	236
1182	41
1182	212
1183	90
1183	248
1183	171
1184	173
1184	107
1184	129
1185	102
1185	209
1185	100
1186	42
1186	76
1186	31
1187	3
1187	196
1187	1
1188	244
1188	98
1188	64
1189	60
1189	55
1189	142
1190	173
1190	181
1190	211
1191	155
1191	311
1191	60
1192	61
1192	12
1192	127
1193	229
1193	279
1193	155
1194	186
1194	290
1194	249
1195	127
1195	280
1195	319
1196	357
1196	171
1196	113
1197	60
1197	180
1197	328
1198	103
1198	114
1198	219
1199	161
1199	260
1199	176
1200	19
1200	207
1200	181
1201	151
1201	173
1201	317
1202	3
1202	55
1202	207
1203	173
1203	57
1203	161
1204	3
1204	133
1204	48
1205	144
1205	90
1205	117
1206	107
1206	256
1206	37
1207	88
1207	294
1207	147
1208	79
1208	274
1208	199
1209	134
1209	156
1209	171
1210	162
1210	148
1210	207
1211	89
1211	199
1211	119
1212	159
1212	79
1212	180
1213	23
1213	27
1213	105
1214	63
1214	13
1214	155
1215	155
1215	57
1215	141
1216	127
1216	319
1216	164
1217	155
1217	93
1217	111
1218	60
1218	230
1218	77
1219	20
1219	60
1219	73
1220	142
1220	171
1220	34
1221	325
1221	107
1221	67
1222	1
1222	164
1222	266
1223	73
1223	62
1223	20
1224	254
1224	128
1224	107
1225	236
1225	0
1225	65
1226	16
1226	325
1226	171
1227	127
1227	154
1227	151
1228	60
1228	221
1228	101
1229	164
1229	290
1229	45
1230	20
1230	173
1230	27
1231	55
1231	16
1231	289
1232	155
1232	15
1232	17
1233	79
1233	114
1233	161
1234	75
1234	333
1234	141
1235	154
1235	111
1235	93
1236	75
1236	246
1236	123
1237	367
1237	114
1237	164
1238	210
1238	65
1238	207
1239	110
1239	289
1239	10
1240	64
1240	66
1240	311
1241	1
1241	273
1241	42
1242	1
1242	181
1242	246
1243	102
1243	34
1243	88
1244	258
1244	155
1244	256
1245	292
1245	12
1245	173
1246	206
1246	55
1246	114
1247	185
1247	34
1247	141
1248	231
1248	249
1248	358
1249	287
1249	88
1249	55
1250	171
1250	25
1250	171
1251	256
1251	230
1251	225
1252	243
1252	153
1252	249
1253	246
1253	210
1253	155
1254	75
1254	69
1254	27
1255	18
1255	260
1255	56
1256	60
1256	75
1256	132
1257	195
1257	195
1257	141
1258	185
1258	155
1258	46
1259	0
1259	252
1259	171
1260	246
1260	117
1260	195
1261	34
1261	18
1261	214
1262	123
1262	105
1262	129
1263	20
1263	98
1263	142
1264	250
1264	96
1264	185
1265	93
1265	287
1265	7
1266	119
1266	325
1266	171
1267	67
1267	111
1267	60
1268	249
1268	112
1268	3
1269	28
1269	167
1269	75
1270	20
1270	146
1270	55
1271	215
1271	1
1271	31
1272	311
1272	84
1272	14
1273	60
1273	181
1273	120
1274	252
1274	129
1274	123
1275	171
1275	61
1275	331
1276	229
1276	55
1276	192
1277	53
1277	155
1277	164
1278	114
1278	60
1278	69
1279	88
1279	157
1279	246
1280	246
1280	176
1280	110
1281	146
1281	88
1281	147
1282	14
1282	249
1282	311
1283	84
1283	338
1283	27
1284	105
1284	69
1284	27
1285	148
1285	155
1285	358
1286	167
1286	16
1286	139
1287	202
1287	280
1287	111
1288	3
1288	79
1288	210
1289	195
1289	151
1289	108
1290	181
1290	178
1290	149
1291	97
1291	60
1291	228
1292	96
1292	246
1292	62
1293	127
1293	366
1293	15
1294	170
1294	96
1294	34
1295	154
1295	14
1295	280
1296	14
1296	123
1296	0
1297	171
1297	51
1297	335
1298	10
1298	5
1298	224
1299	225
1299	105
1299	69
1300	88
1300	91
1300	28
1301	148
1301	29
1301	258
1302	258
1302	127
1302	93
1303	53
1303	0
1303	142
1304	25
1304	10
1304	114
1305	142
1305	235
1305	214
1306	210
1306	292
1306	55
1307	155
1307	94
1307	107
1308	171
1308	113
1308	235
1309	280
1309	0
1309	173
1310	107
1310	12
1310	343
1311	14
1311	60
1311	258
1312	102
1312	271
1312	29
1313	106
1313	311
1313	151
1314	249
1314	155
1314	266
1315	171
1315	292
1315	273
1316	162
1316	199
1316	216
1317	246
1317	171
1317	0
1318	250
1318	60
1318	311
1319	60
1319	87
1319	197
1320	79
1320	301
1320	173
1321	138
1321	62
1321	277
1322	137
1322	277
1322	127
1323	181
1323	0
1323	180
1324	129
1324	188
1324	60
1325	351
1325	55
1325	51
1326	29
1326	48
1326	88
1327	256
1327	62
1327	0
1328	320
1328	138
1328	93
1329	16
1329	171
1329	167
1330	202
1330	154
1330	206
1331	1
1331	129
1331	8
1332	1
1332	181
1332	108
1333	127
1333	154
1333	93
1334	221
1334	195
1334	16
1335	79
1335	311
1335	16
1336	31
1336	93
1336	145
1337	78
1337	75
1337	55
1338	377
1338	107
1338	88
1339	77
1339	55
1339	22
1340	171
1340	60
1340	60
1341	228
1341	188
1341	171
1342	108
1342	92
1342	173
1343	311
1343	3
1343	268
1344	256
1344	180
1344	290
1345	62
1345	178
1345	20
1346	1
1346	266
1346	73
1347	111
1347	117
1347	60
1348	161
1348	207
1348	171
1349	292
1349	14
1349	277
1350	246
1350	45
1350	107
1351	76
1351	3
1351	128
1352	84
1352	308
1352	79
1353	358
1353	27
1353	185
1354	195
1354	163
1354	0
1355	277
1355	237
1355	197
1356	358
1356	60
1356	139
1357	173
1357	250
1357	110
1358	88
1358	174
1358	325
1359	181
1359	73
1359	107
1360	83
1360	60
1360	375
1361	325
1361	273
1361	127
1362	199
1362	194
1362	258
1363	155
1363	99
1363	273
1364	176
1364	15
1364	376
1365	254
1365	75
1365	220
1366	58
1366	65
1366	235
1367	195
1367	154
1367	161
1368	260
1368	222
1368	41
1369	60
1369	246
1369	214
1370	80
1370	248
1370	292
1371	180
1371	129
1371	185
1372	123
1372	207
1372	16
1373	135
1373	173
1373	27
1374	129
1374	250
1374	123
1375	162
1375	237
1375	185
1376	255
1376	155
1376	258
1377	141
1377	176
1377	173
1378	5
1378	229
1378	60
1379	117
1379	51
1379	20
1380	16
1380	113
1380	353
1381	325
1381	155
1381	249
1382	199
1382	102
1382	342
1383	171
1383	93
1383	246
1384	155
1384	143
1384	246
1385	73
1385	287
1385	280
1386	102
1386	60
1386	246
1387	73
1387	42
1387	225
1388	174
1388	55
1388	84
1389	102
1389	138
1389	144
1390	256
1390	171
1390	325
1391	2
1391	207
1391	38
1392	170
1392	338
1392	174
1393	94
1393	77
1393	114
1394	141
1394	103
1394	190
1395	73
1395	338
1395	84
1396	217
1396	161
1396	144
1397	155
1397	235
1397	95
1398	210
1398	48
1398	87
1399	258
1399	238
1399	1
1400	171
1400	129
1400	84
1401	112
1401	0
1401	133
1402	45
1402	181
1402	79
1403	292
1403	155
1403	358
1404	344
1404	204
1404	96
1405	112
1405	123
1405	325
1406	113
1406	161
1406	311
1407	325
1407	198
1407	61
1408	23
1408	62
1408	79
1409	325
1409	235
1409	19
1410	114
1410	6
1410	108
1411	154
1411	266
1411	114
1412	52
1412	260
1412	88
1413	37
1413	64
1413	141
1414	59
1414	282
1414	51
1415	171
1415	202
1415	301
1416	114
1416	48
1416	258
1417	154
1417	3
1417	123
1418	60
1418	202
1418	119
1419	188
1419	3
1419	92
1420	118
1420	7
1420	114
1421	141
1421	69
1421	317
1422	114
1422	41
1422	317
1423	74
1423	171
1423	93
1424	83
1424	77
1424	237
1425	0
1425	71
1425	1
1426	114
1426	92
1426	79
1427	0
1427	204
1427	110
1428	117
1428	246
1428	45
1429	170
1429	311
1429	93
1430	114
1430	219
1430	336
1431	93
1431	14
1431	34
1432	236
1432	83
1432	73
1433	141
1433	297
1433	188
1434	129
1434	155
1434	245
1435	176
1435	206
1435	180
1436	41
1436	55
1436	162
1437	227
1437	62
1437	105
1438	236
1438	55
1438	48
1439	15
1439	55
1439	171
1440	3
1440	214
1440	141
1441	256
1441	232
1441	114
1442	106
1442	79
1442	235
1443	73
1443	60
1443	206
1444	75
1444	260
1444	210
1445	256
1445	0
1445	363
1446	55
1446	111
1446	92
1447	193
1447	31
1447	220
1448	41
1448	155
1448	258
1449	229
1449	60
1449	129
1450	196
1450	358
1450	142
1451	16
1451	358
1451	73
1452	179
1452	252
1452	93
1453	248
1453	156
1453	93
1454	69
1454	240
1454	237
1455	170
1455	74
1455	93
1456	83
1456	141
1456	147
1457	60
1457	19
1457	114
1458	79
1458	98
1458	60
1459	9
1459	338
1459	171
1460	325
1460	125
1460	60
1461	232
1461	164
1461	213
1462	206
1462	60
1462	184
1463	137
1463	69
1463	48
1464	22
1464	5
1464	146
1465	247
1465	176
1465	156
1466	254
1466	164
1466	14
1467	8
1467	111
1467	149
1468	154
1468	233
1468	114
1469	311
1469	48
1469	53
1470	60
1470	14
1470	354
1471	1
1471	143
1471	302
1472	55
1472	28
1472	181
1473	258
1473	88
1473	88
1474	246
1474	95
1474	0
1475	199
1475	196
1475	201
1476	161
1476	155
1476	253
1477	41
1477	252
1477	325
1478	176
1478	86
1478	16
1479	155
1479	154
1479	223
1480	325
1480	110
1480	69
1481	141
1481	36
1481	155
1482	162
1482	213
1482	249
1483	1
1483	0
1483	79
1484	225
1484	105
1484	277
1485	57
1485	131
1485	171
1486	20
1486	195
1486	5
1487	91
1487	52
1487	258
1488	216
1488	0
1488	1
1489	185
1489	79
1489	0
1490	1
1490	149
1490	16
1491	258
1491	216
1491	13
1492	76
1492	149
1492	14
1493	73
1493	67
1493	228
1494	185
1494	188
1494	53
1495	28
1495	180
1495	0
1496	154
1496	93
1496	37
1497	164
1497	171
1497	149
1498	256
1498	55
1498	292
1499	129
1499	235
1499	58
1500	227
1500	204
1500	0
1501	45
1501	34
1501	51
1502	114
1502	228
1502	118
1503	1
1503	146
1503	171
1504	156
1504	45
1504	20
1505	155
1505	16
1505	112
1506	171
1506	311
1506	155
1507	8
1507	83
1507	30
1508	173
1508	60
1508	287
1509	129
1509	16
1509	127
1510	301
1510	76
1510	142
1511	27
1511	206
1511	106
1512	133
1512	65
1512	239
1513	29
1513	171
1513	111
1514	138
1514	210
1514	65
1515	221
1515	128
1515	87
1516	93
1516	14
1516	226
1517	75
1517	93
1517	343
1518	0
1518	97
1518	8
1519	249
1519	117
1519	10
1520	261
1520	155
1520	129
1521	173
1521	93
1521	138
1522	89
1522	84
1522	227
1523	210
1523	19
1523	116
1524	24
1524	34
1524	130
1525	148
1525	250
1525	180
1526	10
1526	55
1526	247
1527	260
1527	27
1527	47
1528	293
1528	155
1528	141
1529	121
1529	217
1529	212
1530	14
1530	123
1530	194
1531	190
1531	0
1531	250
1532	273
1532	88
1532	236
1533	161
1533	33
1533	171
1534	186
1534	20
1534	48
1535	113
1535	14
1535	162
1536	210
1536	114
1536	50
1537	170
1537	171
1537	141
1538	155
1538	82
1538	196
1539	181
1539	146
1539	1
1540	3
1540	241
1540	196
1541	196
1541	155
1541	235
1542	237
1542	29
1542	55
1543	195
1543	201
1543	227
1544	233
1544	163
1544	108
1545	181
1545	338
1545	117
1546	195
1546	246
1546	252
1547	258
1547	155
1547	123
1548	233
1548	176
1548	108
1549	204
1549	156
1549	210
1550	45
1550	164
1550	251
1551	127
1551	127
1551	16
1552	204
1552	114
1552	0
1553	164
1553	76
1553	177
1554	0
1554	0
1554	141
1555	276
1555	141
1555	104
1556	79
1556	113
1556	79
1557	116
1557	235
1557	230
1558	79
1558	184
1558	48
1559	212
1559	250
1559	65
1560	113
1560	247
1560	130
1561	64
1561	3
1561	164
1562	108
1562	1
1562	45
1563	210
1563	207
1563	45
1564	170
1564	65
1564	0
1565	82
1565	32
1565	16
1566	171
1566	204
1566	161
1567	277
1567	55
1567	129
1568	60
1568	109
1568	258
1569	234
1569	351
1569	13
1570	114
1570	83
1570	60
1571	144
1571	289
1571	83
1572	229
1572	60
1572	130
1573	79
1573	164
1573	115
1574	3
1574	181
1574	16
1575	158
1575	54
1575	69
1576	14
1576	62
1576	163
1577	292
1577	155
1577	16
1578	258
1578	20
1578	60
1579	207
1579	100
1579	60
1580	32
1580	114
1580	311
1581	134
1581	83
1581	0
1582	258
1582	353
1582	10
1583	164
1583	311
1583	106
1584	0
1584	81
1584	83
1585	61
1585	209
1585	151
1586	161
1586	372
1586	54
1587	114
1587	358
1587	142
1588	172
1588	181
1588	129
1589	130
1589	22
1589	219
1590	88
1590	0
1590	102
1591	66
1591	88
1591	152
1592	205
1592	115
1592	181
1593	283
1593	83
1593	368
1594	157
1594	181
1594	258
1595	27
1595	0
1595	297
1596	95
1596	93
1596	127
1597	183
1597	173
1597	375
1598	353
1598	88
1598	273
1599	151
1599	170
1599	207
1600	79
1600	42
1600	338
1601	7
1601	34
1601	115
1602	145
1602	155
1602	60
1603	79
1603	233
1603	14
1604	167
1604	171
1604	235
1605	102
1605	102
1605	236
1606	210
1606	382
1606	55
1607	55
1607	207
1607	181
1608	14
1608	20
1608	1
1609	167
1609	155
1609	82
1610	40
1610	201
1610	171
1611	10
1611	129
1611	139
1612	162
1612	195
1612	28
1613	232
1613	193
1613	29
1614	117
1614	60
1614	20
1615	143
1615	0
1615	15
1616	233
1616	171
1616	113
1617	325
1617	139
1617	123
1618	195
1618	192
1618	74
1619	250
1619	178
1619	325
1620	138
1620	8
1620	171
1621	207
1621	88
1621	28
1622	325
1622	55
1622	105
1623	19
1623	45
1623	205
1624	5
1624	164
1624	0
1625	155
1625	262
1625	48
1626	129
1626	113
1626	62
1627	88
1627	0
1627	0
1628	48
1628	338
1628	3
1629	0
1629	221
1629	114
1630	155
1630	232
1630	207
1631	127
1631	133
1631	147
1632	114
1632	138
1632	44
1633	62
1633	79
1633	60
1634	134
1634	117
1634	16
1635	52
1635	173
1635	129
1636	192
1636	149
1636	181
1637	84
1637	129
1637	141
1638	18
1638	1
1638	336
1639	88
1639	110
1639	245
1640	181
1640	260
1640	157
1641	165
1641	192
1641	154
1642	309
1642	88
1642	238
1643	333
1643	16
1643	187
1644	0
1644	193
1644	190
1645	33
1645	202
1645	93
1646	75
1646	179
1646	52
1647	28
1647	10
1647	184
1648	93
1648	171
1648	153
1649	100
1649	311
1649	222
1650	133
1650	59
1650	16
1651	204
1651	267
1651	79
1652	235
1652	72
1652	155
1653	290
1653	127
1653	12
1654	60
1654	154
1654	111
1655	154
1655	295
1655	205
1656	0
1656	141
1656	84
1657	155
1657	273
1657	311
1658	243
1658	311
1658	151
1659	10
1659	129
1659	142
1660	181
1660	34
1660	14
1661	3
1661	107
1661	178
1662	231
1662	325
1662	48
1663	141
1663	62
1663	292
1664	196
1664	155
1664	144
1665	29
1665	16
1665	210
1666	76
1666	16
1666	75
1667	0
1667	110
1667	87
1668	336
1668	155
1668	202
1669	141
1669	173
1669	232
1670	338
1670	117
1670	93
1671	141
1671	155
1671	194
1672	117
1672	20
1672	198
1673	42
1673	192
1673	171
1674	49
1674	50
1674	55
1675	235
1675	252
1675	76
1676	207
1676	127
1676	89
1677	155
1677	32
1677	69
1678	82
1678	280
1678	311
1679	141
1679	127
1679	114
1680	149
1680	133
1680	141
1681	2
1681	207
1681	45
1682	93
1682	10
1682	142
1683	14
1683	258
1683	128
1684	273
1684	292
1684	170
1685	114
1685	79
1685	149
1686	16
1686	154
1686	2
1687	249
1687	242
1687	260
1688	246
1688	85
1688	55
1689	62
1689	181
1689	183
1690	93
1690	59
1690	34
1691	122
1691	147
1691	311
1692	113
1692	34
1692	276
1693	250
1693	194
1693	258
1694	45
1694	34
1694	191
1695	60
1695	155
1695	111
1696	79
1696	16
1696	14
1697	156
1697	62
1697	62
1698	93
1698	43
1698	142
1699	5
1699	237
1699	55
1700	57
1700	297
1700	83
1701	141
1701	155
1701	261
1702	151
1702	270
1702	155
1703	164
1703	212
1703	29
1704	41
1704	123
1704	127
1705	196
1705	127
1705	52
1706	12
1706	217
1706	23
1707	15
1707	4
1707	237
1708	150
1708	180
1708	89
1709	81
1709	46
1709	171
1710	311
1710	271
1710	45
1711	155
1711	237
1711	16
1712	3
1712	48
1712	197
1713	149
1713	16
1713	71
1714	280
1714	171
1714	291
1715	170
1715	181
1715	122
1716	61
1716	71
1716	60
1717	83
1717	246
1717	188
1718	164
1718	16
1718	75
1719	204
1719	28
1719	1
1720	249
1720	162
1720	4
1721	27
1721	114
1721	74
1722	16
1722	92
1722	31
1723	141
1723	115
1723	141
1724	233
1724	277
1724	139
1725	141
1725	153
1725	325
1726	45
1726	93
1726	325
1727	34
1727	155
1727	94
1728	20
1728	119
1728	37
1729	35
1729	181
1729	311
1730	126
1730	69
1730	155
1731	217
1731	123
1731	155
1732	164
1732	237
1732	154
1733	149
1733	115
1733	0
1734	60
1734	155
1734	242
1735	233
1735	8
1735	127
1736	172
1736	0
1736	62
1737	55
1737	162
1737	90
1738	280
1738	246
1738	83
1739	155
1739	28
1739	162
1740	128
1740	37
1740	171
1741	95
1741	14
1741	207
1742	57
1742	170
1742	141
1743	6
1743	141
1743	133
1744	171
1744	382
1744	172
1745	81
1745	192
1745	0
1746	119
1746	250
1746	277
1747	160
1747	206
1747	292
1748	254
1748	173
1748	141
1749	331
1749	60
1749	65
1750	246
1750	98
1750	171
1751	180
1751	345
1751	145
1752	260
1752	110
1752	88
1753	14
1753	162
1753	148
1754	207
1754	147
1754	143
1755	3
1755	195
1755	378
1756	196
1756	237
1756	325
1757	67
1757	129
1757	148
1758	16
1758	16
1758	102
1759	94
1759	243
1759	127
1760	256
1760	14
1760	246
1761	232
1761	196
1761	113
1762	45
1762	273
1762	308
1763	60
1763	325
1763	69
1764	206
1764	120
1764	0
1765	4
1765	118
1765	358
1766	54
1766	258
1766	117
1767	243
1767	95
1767	0
1768	164
1768	216
1768	311
1769	153
1769	76
1769	155
1770	171
1770	1
1770	134
1771	31
1771	83
1771	81
1772	173
1772	155
1772	266
1773	55
1773	216
1773	311
1774	237
1774	15
1774	14
1775	195
1775	86
1775	133
1776	0
1776	207
1776	243
1777	80
1777	141
1777	79
1778	204
1778	155
1778	94
1779	84
1779	44
1779	162
1780	210
1780	181
1780	276
1781	133
1781	185
1781	197
1782	202
1782	237
1782	155
1783	208
1783	0
1783	105
1784	173
1784	88
1784	280
1785	142
1785	53
1785	130
1786	128
1786	42
1786	129
1787	123
1787	88
1787	0
1788	147
1788	277
1788	34
1789	227
1789	14
1789	311
1790	149
1790	187
1790	41
1791	252
1791	156
1791	16
1792	95
1792	107
1792	358
1793	152
1793	155
1793	146
1794	170
1794	338
1794	60
1795	34
1795	206
1795	14
1796	141
1796	78
1796	147
1797	114
1797	247
1797	181
1798	53
1798	137
1798	210
1799	246
1799	128
1799	45
1800	241
1800	171
1800	51
1801	1
1801	246
1801	277
1802	181
1802	75
1802	288
1803	79
1803	73
1803	154
1804	292
1804	8
1804	181
1805	113
1805	114
1805	49
1806	237
1806	93
1806	75
1807	61
1807	61
1807	65
1808	117
1808	27
1808	311
1809	141
1809	0
1809	170
1810	142
1810	381
1810	155
1811	156
1811	127
1811	210
1812	171
1812	16
1812	202
1813	49
1813	123
1813	42
1814	155
1814	12
1814	336
1815	181
1815	220
1815	185
1816	3
1816	76
1816	254
1817	1
1817	0
1817	292
1818	110
1818	34
1818	176
1819	137
1819	202
1819	114
1820	3
1820	277
1820	149
1821	184
1821	203
1821	14
1822	105
1822	16
1822	253
1823	141
1823	246
1823	114
1824	276
1824	223
1824	155
1825	298
1825	139
1825	16
1826	16
1826	184
1826	207
1827	148
1827	325
1827	82
1828	162
1828	235
1828	78
1829	114
1829	197
1829	141
1830	292
1830	60
1830	127
1831	27
1831	20
1831	55
1832	123
1832	162
1832	0
1833	20
1833	174
1833	173
1834	93
1834	3
1834	247
1835	117
1835	16
1835	55
1836	138
1836	127
1836	13
1837	171
1837	61
1837	146
1838	124
1838	60
1838	75
1839	376
1839	155
1839	187
1840	98
1840	0
1840	75
1841	14
1841	252
1841	258
1842	113
1842	14
1842	144
1843	60
1843	190
1843	75
1844	193
1844	236
1844	141
1845	12
1845	155
1845	31
1846	181
1846	323
1846	195
1847	216
1847	114
1847	311
1848	258
1848	138
1848	141
1849	31
1849	230
1849	55
1850	233
1850	55
1850	154
1851	114
1851	147
1851	221
1852	130
1852	208
1852	206
1853	74
1853	10
1853	245
1854	309
1854	107
1854	60
1855	155
1855	154
1855	248
1856	84
1856	171
1856	119
1857	143
1857	94
1857	142
1858	88
1858	153
1858	90
1859	34
1859	55
1859	73
1860	199
1860	298
1860	61
1861	75
1861	139
1861	207
1862	14
1862	8
1862	358
1863	220
1863	141
1863	60
1864	171
1864	191
1864	290
1865	325
1865	277
1865	181
1866	173
1866	196
1866	249
1867	12
1867	171
1867	258
1868	60
1868	114
1868	233
1869	88
1869	277
1869	129
1870	155
1870	20
1870	277
1871	60
1871	311
1871	147
1872	87
1872	88
1872	164
1873	275
1873	171
1873	123
1874	180
1874	8
1874	258
1875	195
1875	60
1875	137
1876	195
1876	0
1876	90
1877	60
1877	198
1877	348
1878	38
1878	111
1878	188
1879	60
1879	176
1879	129
1880	250
1880	273
1880	20
1881	15
1881	57
1881	113
1882	170
1882	10
1882	62
1883	137
1883	22
1883	233
1884	93
1884	155
1884	34
1885	141
1885	358
1885	155
1886	114
1886	183
1886	141
1887	117
1887	123
1887	258
1888	95
1888	155
1888	280
1889	206
1889	216
1889	258
1890	141
1890	63
1890	45
1891	176
1891	134
1891	273
1892	84
1892	156
1892	34
1893	173
1893	134
1893	258
1894	173
1894	12
1894	204
1895	247
1895	235
1895	244
1896	111
1896	250
1896	51
1897	3
1897	258
1897	181
1898	55
1898	119
1898	292
1899	58
1899	311
1899	142
1900	94
1900	259
1900	258
1901	171
1901	219
1901	154
1902	192
1902	142
1902	16
1903	241
1903	1
1903	133
1904	46
1904	55
1904	271
1905	252
1905	328
1905	10
1906	29
1906	129
1906	181
1907	48
1907	117
1907	129
1908	110
1908	176
1908	154
1909	119
1909	155
1909	164
1910	195
1910	20
1910	141
1911	173
1911	286
1911	93
1912	69
1912	79
1912	52
1913	151
1913	319
1913	155
1914	258
1914	34
1914	27
1915	311
1915	210
1915	20
1916	138
1916	40
1916	204
1917	363
1917	256
1917	45
1918	123
1918	290
1918	142
1919	8
1919	217
1919	94
1920	133
1920	14
1920	269
1921	48
1921	14
1921	76
1922	0
1922	102
1922	172
1923	260
1923	60
1923	252
1924	74
1924	75
1924	51
1925	164
1925	52
1925	171
1926	251
1926	60
1926	220
1927	206
1927	135
1927	45
1928	0
1928	155
1928	164
1929	16
1929	141
1929	12
1930	238
1930	75
1930	34
1931	353
1931	63
1931	79
1932	141
1932	36
1932	181
1933	227
1933	15
1933	127
1934	306
1934	16
1934	84
1935	12
1935	228
1935	171
1936	156
1936	230
1936	79
1937	42
1937	0
1937	14
1938	65
1938	0
1938	311
1939	237
1939	170
1939	250
1940	258
1940	252
1940	60
1941	1
1941	204
1941	0
1942	227
1942	37
1942	1
1943	292
1943	61
1943	172
1944	170
1944	159
1944	138
1945	55
1945	325
1945	10
1946	45
1946	232
1946	91
1947	45
1947	10
1947	249
1948	206
1948	65
1948	93
1949	1
1949	53
1949	185
1950	258
1950	235
1950	73
1951	137
1951	55
1951	149
1952	311
1952	238
1952	114
1953	164
1953	127
1953	298
1954	290
1954	288
1954	237
1955	292
1955	3
1955	40
1956	244
1956	181
1956	63
1957	227
1957	114
1957	361
1958	113
1958	36
1958	127
1959	7
1959	113
1959	258
1960	65
1960	10
1960	242
1961	200
1961	173
1961	10
1962	20
1962	113
1962	75
1963	164
1963	69
1963	24
1964	94
1964	326
1964	75
1965	87
1965	60
1965	129
1966	314
1966	75
1966	60
1967	20
1967	4
1967	0
1968	266
1968	170
1968	10
1969	60
1969	230
1969	112
1970	9
1970	53
1970	114
1971	16
1971	198
1971	181
1972	20
1972	170
1972	273
1973	88
1973	102
1973	5
1974	311
1974	194
1974	102
1975	20
1975	84
1975	161
1976	45
1976	134
1976	20
1977	127
1977	66
1977	164
1978	69
1978	34
1978	17
1979	258
1979	79
1979	171
1980	113
1980	75
1980	235
1981	249
1981	249
1981	155
1982	225
1982	146
1982	83
1983	184
1983	277
1983	358
1984	107
1984	114
1984	79
1985	141
1985	256
1985	147
1986	173
1986	0
1986	89
1987	276
1987	45
1987	148
1988	254
1988	287
1988	199
1989	325
1989	141
1989	231
1990	133
1990	29
1990	83
1991	73
1991	358
1991	181
1992	34
1992	198
1992	210
1993	155
1993	12
1993	263
1994	258
1994	225
1994	117
1995	147
1995	245
1995	60
1996	1
1996	51
1996	63
1997	51
1997	42
1997	137
1998	155
1998	80
1998	277
1999	16
1999	188
1999	127
2000	34
2000	62
2000	343
2001	14
2001	148
2001	115
2002	114
2002	110
2002	39
2003	237
2003	31
2003	14
2004	55
2004	41
2004	60
2005	14
2005	79
2005	35
2006	299
2006	171
2006	60
2007	3
2007	10
2007	158
2008	10
2008	49
2008	3
2009	173
2009	292
2009	285
2010	34
2010	27
2010	0
2011	111
2011	161
2011	32
2012	93
2012	184
2012	34
2013	139
2013	246
2013	249
2014	34
2014	141
2014	193
2015	171
2015	232
2015	164
2016	173
2016	16
2016	34
2017	161
2017	16
2017	190
2018	134
2018	60
2018	114
2019	114
2019	287
2019	74
2020	62
2020	290
2020	12
2021	181
2021	29
2021	151
2022	162
2022	358
2022	127
2023	179
2023	123
2023	325
2024	31
2024	42
2024	241
2025	57
2025	165
2025	188
2026	258
2026	117
2026	51
2027	65
2027	308
2027	88
2028	260
2028	166
2028	41
2029	155
2029	123
2029	363
2030	195
2030	71
2030	146
2031	75
2031	118
2031	129
2032	147
2032	80
2032	164
2033	126
2033	34
2033	88
2034	29
2034	181
2034	155
2035	10
2035	195
2035	155
2036	16
2036	220
2036	1
2037	1
2037	181
2037	29
2038	27
2038	221
2038	171
2039	137
2039	164
2039	102
2040	237
2040	76
2040	93
2041	199
2041	10
2041	49
2042	297
2042	87
2042	110
2043	147
2043	358
2043	12
2044	146
2044	62
2044	273
2045	155
2045	290
2045	40
2046	237
2046	258
2046	0
2047	211
2047	16
2047	173
2048	60
2048	55
2048	319
2049	258
2049	102
2049	141
2050	73
2050	256
2050	79
2051	34
2051	201
2051	29
2052	358
2052	55
2052	55
2053	88
2053	133
2053	141
2054	143
2054	63
2054	0
2055	181
2055	84
2055	311
2056	277
2056	230
2056	232
2057	148
2057	214
2057	155
2058	127
2058	12
2058	71
2059	19
2059	54
2059	237
2060	34
2060	33
2060	210
2061	3
2061	181
2061	247
2062	8
2062	129
2062	236
2063	221
2063	171
2063	126
2064	31
2064	62
2064	93
2065	10
2065	292
2065	58
2066	324
2066	141
2066	195
2067	184
2067	351
2067	181
2068	271
2068	296
2068	246
2069	297
2069	235
2069	51
2070	154
2070	46
2070	195
2071	185
2071	236
2071	141
2072	14
2072	258
2072	198
2073	57
2073	23
2073	181
2074	14
2074	173
2074	316
2075	319
2075	55
2075	93
2076	55
2076	254
2076	60
2077	222
2077	127
2077	292
2078	116
2078	155
2078	3
2079	277
2079	155
2079	311
2080	181
2080	183
2080	155
2081	79
2081	147
2081	34
2082	170
2082	164
2082	40
2083	3
2083	283
2083	235
2084	141
2084	218
2084	308
2085	148
2085	114
2085	338
2086	181
2086	211
2086	34
2087	75
2087	8
2087	269
2088	55
2088	39
2088	206
2089	69
2089	176
2089	31
2090	60
2090	14
2090	40
2091	14
2091	123
2091	246
2092	127
2092	27
2092	262
2093	180
2093	277
2093	149
2094	260
2094	171
2094	164
2095	155
2095	273
2095	236
2096	258
2096	27
2096	120
2097	338
2097	45
2097	235
2098	206
2098	243
2098	55
2099	86
2099	60
2099	292
2100	0
2100	250
2100	34
2101	48
2101	34
2101	139
2102	49
2102	141
2102	94
2103	34
2103	176
2103	181
2104	251
2104	343
2104	155
2105	172
2105	236
2105	0
2106	141
2106	173
2106	70
2107	65
2107	164
2107	55
2108	117
2108	232
2108	16
2109	176
2109	235
2109	236
2110	58
2110	325
2110	228
2111	141
2111	193
2111	232
2112	88
2112	89
2112	53
2113	20
2113	137
2113	237
2114	141
2114	114
2114	134
2115	55
2115	48
2115	151
2116	4
2116	151
2116	112
2117	0
2117	26
2117	171
2118	243
2118	48
2118	142
2119	155
2119	148
2119	333
2120	60
2120	20
2120	41
2121	16
2121	75
2121	34
2122	163
2122	76
2122	141
2123	353
2123	60
2123	173
2124	280
2124	73
2124	61
2125	10
2125	38
2125	155
2126	15
2126	325
2126	55
2127	74
2127	157
2127	0
2128	100
2128	224
2128	199
2129	8
2129	252
2129	258
2130	195
2130	258
2130	141
2131	173
2131	104
2131	154
2132	338
2132	60
2132	84
2133	7
2133	146
2133	76
2134	4
2134	88
2134	181
2135	108
2135	171
2135	60
2136	73
2136	55
2136	311
2137	83
2137	287
2137	60
2138	98
2138	185
2138	246
2139	75
2139	257
2139	16
2140	244
2140	20
2140	141
2141	147
2141	171
2141	187
2142	27
2142	62
2142	229
2143	149
2143	88
2143	16
2144	292
2144	94
2144	73
2145	3
2145	39
2145	90
2146	325
2146	280
2146	147
2147	181
2147	0
2147	368
2148	367
2148	55
2148	164
2149	60
2149	149
2149	73
2150	256
2150	55
2150	258
2151	147
2151	173
2151	183
2152	16
2152	14
2152	162
2153	141
2153	62
2153	345
2154	93
2154	147
2154	258
2155	60
2155	173
2155	382
2156	173
2156	138
2156	210
2157	62
2157	117
2157	162
2158	73
2158	74
2158	16
2159	45
2159	16
2159	258
2160	2
2160	173
2160	79
2161	34
2161	93
2161	88
2162	138
2162	93
2162	184
2163	29
2163	297
2163	250
2164	236
2164	210
2164	17
2165	117
2165	8
2165	129
2166	34
2166	48
2166	75
2167	246
2167	93
2167	75
2168	8
2168	292
2168	139
2169	277
2169	127
2169	155
2170	311
2170	155
2170	181
2171	62
2171	235
2171	338
2172	16
2172	82
2172	184
2173	232
2173	277
2173	55
2174	292
2174	138
2174	155
2175	340
2175	277
2175	3
2176	258
2176	180
2176	73
2177	129
2177	237
2177	79
2178	114
2178	53
2178	75
2179	42
2179	60
2179	73
2180	180
2180	263
2180	82
2181	55
2181	277
2181	184
2182	73
2182	113
2182	229
2183	117
2183	252
2183	280
2184	20
2184	173
2184	151
2185	251
2185	29
2185	48
2186	74
2186	155
2186	16
2187	173
2187	210
2187	34
2188	344
2188	76
2188	76
2189	164
2189	24
2189	297
2190	73
2190	34
2190	198
2191	88
2191	233
2191	34
2192	122
2192	154
2192	60
2193	128
2193	181
2193	154
2194	14
2194	221
2194	164
2195	55
2195	100
2195	258
2196	98
2196	311
2196	155
2197	114
2197	273
2197	16
2198	155
2198	113
2198	129
2199	107
2199	232
2199	181
2200	45
2200	0
2200	79
2201	162
2201	10
2201	39
2202	325
2202	155
2202	210
2203	168
2203	52
2203	139
2204	60
2204	113
2204	207
2205	210
2205	53
2205	127
2206	16
2206	311
2206	157
2207	1
2207	311
2207	31
2208	138
2208	155
2208	65
2209	280
2209	155
2209	258
2210	117
2210	250
2210	93
2211	60
2211	122
2211	185
2212	290
2212	250
2212	210
2213	164
2213	246
2213	185
2214	10
2214	113
2214	75
2215	10
2215	47
2215	129
2216	3
2216	29
2216	96
2217	98
2217	192
2217	204
2218	197
2218	181
2218	181
2219	325
2219	280
2219	55
2220	155
2220	339
2220	141
2221	62
2221	53
2221	358
2222	142
2222	55
2222	15
2223	55
2223	16
2223	170
2224	242
2224	155
2224	360
2225	3
2225	5
2225	142
2226	250
2226	325
2226	233
2227	266
2227	93
2227	170
2228	44
2228	238
2228	73
2229	195
2229	325
2229	110
2230	14
2230	249
2230	181
2231	277
2231	55
2231	280
2232	223
2232	51
2232	34
2233	10
2233	184
2233	49
2234	235
2234	155
2234	18
2235	1
2235	363
2235	0
2236	29
2236	268
2236	141
2237	69
2237	151
2237	212
2238	198
2238	113
2238	353
2239	216
2239	196
2239	192
2240	14
2240	311
2240	141
2241	60
2241	186
2241	173
2242	162
2242	155
2242	19
2243	111
2243	58
2243	7
2244	60
2244	88
2244	155
2245	70
2245	127
2245	12
2246	1
2246	60
2246	20
2247	27
2247	155
2247	74
2248	72
2248	138
2248	51
2249	309
2249	113
2249	64
2250	60
2250	181
2250	19
2251	62
2251	134
2251	125
2252	65
2252	57
2252	277
2253	246
2253	110
2253	173
2254	14
2254	2
2254	358
2255	64
2255	147
2255	154
2256	155
2256	63
2256	60
2257	183
2257	2
2257	55
2258	114
2258	13
2258	8
2259	55
2259	358
2259	123
2260	59
2260	246
2260	16
2261	3
2261	123
2261	370
2262	273
2262	233
2262	153
2263	58
2263	55
2263	1
2264	86
2264	69
2264	62
2265	8
2265	5
2265	184
2266	146
2266	75
2266	60
2267	67
2267	60
2267	147
2268	28
2268	155
2268	20
2269	208
2269	114
2269	233
2270	73
2270	174
2270	277
2271	150
2271	74
2271	250
2272	98
2272	111
2272	155
2273	1
2273	224
2273	64
2274	75
2274	260
2274	135
2275	143
2275	16
2275	64
2276	88
2276	246
2276	96
2277	51
2277	170
2277	1
2278	231
2278	220
2278	55
2279	62
2279	164
2279	367
2280	258
2280	7
2280	193
2281	27
2281	249
2281	73
2282	4
2282	123
2282	16
2283	147
2283	3
2283	129
2284	147
2284	133
2284	171
2285	111
2285	212
2285	16
2286	202
2286	42
2286	84
2287	1
2287	107
2287	146
2288	141
2288	340
2288	55
2289	3
2289	60
2289	62
2290	189
2290	93
2290	338
2291	93
2291	127
2291	133
2292	45
2292	311
2292	60
2293	68
2293	146
2293	123
2294	289
2294	233
2294	204
2295	2
2295	141
2295	155
2296	149
2296	141
2296	141
2297	155
2297	256
2297	137
2298	133
2298	256
2298	93
2299	63
2299	27
2299	212
2300	154
2300	141
2300	129
2301	138
2301	59
2301	0
2302	156
2302	189
2302	93
2303	249
2303	171
2303	191
2304	202
2304	27
2304	258
2305	141
2305	133
2305	91
2306	123
2306	132
2306	204
2307	190
2307	83
2307	141
2308	280
2308	52
2308	338
2309	145
2309	212
2309	343
2310	250
2310	63
2310	93
2311	48
2311	16
2311	75
2312	218
2312	19
2312	151
2313	229
2313	73
2313	181
2314	60
2314	201
2314	246
2315	259
2315	161
2315	62
2316	98
2316	20
2316	138
2317	171
2317	351
2317	272
2318	382
2318	107
2318	124
2319	260
2319	51
2319	75
2320	137
2320	114
2320	0
2321	141
2321	83
2321	169
2322	127
2322	214
2322	79
2323	180
2323	0
2323	147
2324	229
2324	16
2324	138
2325	155
2325	10
2325	189
2326	173
2326	164
2326	2
2327	258
2327	55
2327	7
2328	361
2328	155
2328	55
2329	290
2329	202
2329	0
2330	298
2330	205
2330	233
2331	164
2331	182
2331	45
2332	112
2332	60
2332	154
2333	196
2333	258
2333	203
2334	258
2334	27
2334	166
2335	10
2335	0
2335	115
2336	74
2336	91
2336	75
2337	27
2337	139
2337	79
2338	42
2338	311
2338	1
2339	162
2339	16
2339	292
2340	27
2340	62
2340	0
2341	45
2341	88
2341	258
2342	258
2342	117
2342	62
2343	247
2343	60
2343	1
2344	110
2344	290
2344	65
2345	177
2345	66
2345	164
2346	315
2346	155
2346	196
2347	147
2347	60
2347	246
2348	73
2348	277
2348	79
2349	1
2349	60
2349	139
2350	276
2350	155
2350	55
2351	63
2351	60
2351	117
2352	77
2352	193
2352	16
2353	42
2353	117
2353	192
2354	31
2354	102
2354	236
2355	277
2355	55
2355	301
2356	127
2356	236
2356	171
2357	164
2357	77
2357	184
2358	246
2358	22
2358	242
2359	166
2359	236
2359	141
2360	40
2360	1
2360	0
2361	61
2361	88
2361	241
2362	260
2362	155
2362	34
2363	11
2363	128
2363	117
2364	195
2364	247
2364	29
2365	83
2365	29
2365	12
2366	20
2366	192
2366	75
2367	188
2367	134
2367	273
2368	75
2368	292
2368	93
2369	161
2369	319
2369	0
2370	27
2370	214
2370	147
2371	183
2371	151
2371	105
2372	155
2372	377
2372	60
2373	14
2373	53
2373	216
2374	206
2374	184
2374	117
2375	75
2375	55
2375	93
2376	148
2376	287
2376	55
2377	16
2377	139
2377	62
2378	155
2378	232
2378	12
2379	141
2379	16
2379	277
2380	211
2380	176
2380	53
2381	34
2381	3
2381	159
2382	195
2382	227
2382	170
2383	235
2383	55
2383	53
2384	319
2384	147
2384	280
2385	52
2385	88
2385	246
2386	195
2386	183
2386	52
2387	102
2387	138
2387	142
2388	195
2388	0
2388	317
2389	164
2389	143
2389	31
2390	65
2390	31
2390	333
2391	1
2391	207
2391	14
2392	83
2392	34
2392	149
2393	60
2393	327
2393	55
2394	154
2394	155
2394	219
2395	60
2395	236
2395	200
2396	62
2396	164
2396	162
2397	235
2397	0
2397	0
2398	382
2398	143
2398	132
2399	141
2399	262
2399	34
2400	155
2400	147
2400	355
2401	60
2401	88
2401	258
2402	204
2402	181
2402	181
2403	138
2403	4
2403	16
2404	27
2404	155
2404	250
2405	281
2405	246
2405	155
2406	237
2406	297
2406	237
2407	85
2407	277
2407	280
2408	27
2408	171
2408	75
2409	277
2409	5
2409	258
2410	210
2410	20
2410	10
2411	371
2411	60
2411	88
2412	93
2412	60
2412	75
2413	224
2413	171
2413	235
2414	0
2414	125
2414	12
2415	292
2415	241
2415	250
2416	126
2416	76
2416	61
2417	60
2417	351
2417	55
2418	155
2418	89
2418	129
2419	60
2419	127
2419	114
2420	192
2420	156
2420	0
2421	185
2421	181
2421	311
2422	55
2422	258
2422	156
2423	0
2423	50
2423	55
2424	155
2424	22
2424	15
2425	219
2425	117
2425	129
2426	164
2426	184
2426	63
2427	160
2427	40
2427	61
2428	233
2428	176
2428	244
2429	91
2429	60
2429	250
2430	155
2430	46
2430	93
2431	232
2431	16
2431	73
2432	170
2432	161
2432	154
2433	154
2433	181
2433	72
2434	45
2434	29
2434	80
2435	188
2435	71
2435	221
2436	0
2436	23
2436	114
2437	280
2437	75
2437	126
2438	60
2438	171
2438	281
2439	311
2439	113
2439	4
2440	187
2440	34
2440	188
2441	113
2441	73
2441	34
2442	236
2442	88
2442	52
2443	146
2443	188
2443	199
2444	117
2444	207
2444	84
2445	117
2445	27
2445	14
2446	176
2446	181
2446	235
2447	154
2447	155
2447	62
2448	20
2448	113
2448	138
2449	280
2449	20
2449	17
2450	188
2450	147
2450	374
2451	55
2451	155
2451	369
2452	34
2452	227
2452	34
2453	0
2453	277
2453	258
2454	235
2454	285
2454	1
2455	48
2455	221
2455	171
2456	173
2456	196
2456	188
2457	246
2457	243
2457	93
2458	155
2458	51
2458	258
2459	162
2459	184
2459	273
2460	171
2460	260
2460	87
2461	369
2461	114
2461	180
2462	231
2462	137
2462	1
2463	258
2463	0
2463	173
2464	155
2464	48
2464	206
2465	0
2465	187
2465	14
2466	65
2466	292
2466	275
2467	61
2467	75
2467	344
2468	55
2468	249
2468	258
2469	353
2469	155
2469	144
2470	173
2470	232
2470	210
2471	69
2471	173
2471	60
2472	52
2472	171
2472	53
2473	52
2473	111
2473	173
2474	55
2474	108
2474	110
2475	62
2475	155
2475	233
2476	171
2476	277
2476	223
2477	100
2477	190
2477	187
2478	164
2478	68
2478	65
2479	14
2479	102
2479	171
2480	277
2480	73
2480	311
2481	87
2481	128
2481	382
2482	243
2482	74
2482	117
2483	147
2483	48
2483	134
2484	113
2484	26
2484	170
2485	238
2485	173
2485	156
2486	249
2486	3
2486	225
2487	258
2487	55
2487	151
2488	127
2488	258
2488	164
2489	184
2489	277
2489	62
2490	2
2490	187
2490	246
2491	203
2491	16
2491	73
2492	171
2492	104
2492	1
2493	290
2493	221
2493	181
2494	277
2494	380
2494	4
2495	181
2495	79
2495	173
2496	141
2496	96
2496	20
2497	17
2497	204
2497	280
2498	155
2498	229
2498	134
2499	176
2499	261
2499	34
2500	273
2500	192
2500	55
2501	75
2501	328
2501	280
2502	16
2502	155
2502	18
2503	171
2503	382
2503	168
2504	19
2504	93
2504	45
2505	277
2505	230
2505	311
2506	309
2506	155
2506	242
2507	246
2507	180
2507	297
2508	290
2508	168
2508	274
2509	47
2509	171
2509	277
2510	225
2510	60
2510	75
2511	76
2511	272
2511	171
2512	8
2512	233
2512	231
2513	5
2513	20
2513	116
2514	20
2514	155
2514	227
2515	280
2515	358
2515	55
2516	256
2516	55
2516	12
2517	1
2517	349
2517	155
2518	358
2518	114
2518	93
2519	159
2519	153
2519	0
2520	180
2520	134
2520	73
2521	60
2521	232
2521	155
2522	102
2522	138
2522	58
2523	226
2523	16
2523	162
2524	165
2524	241
2524	157
2525	60
2525	55
2525	231
2526	369
2526	94
2526	55
2527	10
2527	63
2527	84
2528	0
2528	1
2528	0
2529	29
2529	79
2529	107
2530	8
2530	258
2530	64
2531	94
2531	46
2531	105
2532	232
2532	277
2532	64
2533	308
2533	1
2533	55
2534	138
2534	60
2534	45
2535	173
2535	58
2535	141
2536	185
2536	0
2536	51
2537	176
2537	224
2537	277
2538	155
2538	154
2538	141
2539	10
2539	289
2539	199
2540	206
2540	202
2540	210
2541	127
2541	170
2541	60
2542	292
2542	240
2542	88
2543	42
2543	258
2543	170
2544	92
2544	171
2544	129
2545	141
2545	155
2545	35
2546	287
2546	241
2546	199
2547	141
2547	165
2547	233
2548	155
2548	53
2548	220
2549	79
2549	358
2549	54
2550	252
2550	374
2550	280
2551	16
2551	206
2551	0
2552	153
2552	141
2552	309
2553	258
2553	143
2553	62
2554	277
2554	138
2554	65
2555	325
2555	188
2555	155
2556	31
2556	83
2556	170
2557	237
2557	277
2557	290
2558	79
2558	142
2558	156
2559	170
2559	164
2559	91
2560	62
2560	292
2560	13
2561	211
2561	176
2561	22
2562	110
2562	129
2562	65
2563	123
2563	333
2563	1
2564	232
2564	3
2564	113
2565	147
2565	311
2565	51
2566	60
2566	258
2566	64
2567	358
2567	134
2567	45
2568	10
2568	171
2568	0
2569	0
2569	114
2569	86
2570	171
2570	287
2570	134
2571	129
2571	42
2571	155
2572	18
2572	8
2572	3
2573	211
2573	249
2573	55
2574	353
2574	93
2574	45
2575	34
2575	256
2575	64
2576	92
2576	83
2576	297
2577	2
2577	230
2577	325
2578	170
2578	1
2578	82
2579	115
2579	141
2579	246
2580	71
2580	155
2580	128
2581	60
2581	181
2581	338
2582	231
2582	130
2582	60
2583	107
2583	292
2583	81
2584	235
2584	180
2584	154
2585	154
2585	252
2585	184
2586	107
2586	5
2586	233
2587	237
2587	98
2587	0
2588	369
2588	235
2588	13
2589	280
2589	9
2589	353
2590	181
2590	225
2590	268
2591	129
2591	282
2591	1
2592	249
2592	41
2592	187
2593	260
2593	273
2593	87
2594	170
2594	171
2594	49
2595	20
2595	105
2595	60
2596	230
2596	204
2596	235
2597	195
2597	29
2597	277
2598	181
2598	62
2598	292
2599	34
2599	117
2599	202
2600	110
2600	54
2600	16
2601	154
2601	171
2601	141
2602	309
2602	60
2602	194
2603	173
2603	141
2603	284
2604	3
2604	119
2604	171
2605	146
2605	16
2605	199
2606	87
2606	81
2606	155
2607	173
2607	292
2607	68
2608	192
2608	79
2608	171
2609	57
2609	0
2609	123
2610	311
2610	16
2610	45
2611	141
2611	15
2611	317
2612	238
2612	154
2612	113
2613	1
2613	60
2613	31
2614	127
2614	123
2614	0
2615	31
2615	11
2615	60
2616	108
2616	1
2616	2
2617	199
2617	153
2617	233
2618	73
2618	34
2618	160
2619	141
2619	102
2619	188
2620	141
2620	59
2620	241
2621	199
2621	255
2621	146
2622	60
2622	311
2622	102
2623	114
2623	129
2623	147
2624	16
2624	1
2624	260
2625	358
2625	114
2625	166
2626	0
2626	280
2626	280
2627	382
2627	103
2627	181
2628	16
2628	369
2628	117
2629	181
2629	127
2629	155
2630	114
2630	34
2630	113
2631	90
2631	5
2631	325
2632	0
2632	336
2632	171
2633	42
2633	88
2633	113
2634	173
2634	181
2634	260
2635	285
2635	155
2635	0
2636	286
2636	154
2636	73
2637	171
2637	20
2637	141
2638	232
2638	102
2638	94
2639	220
2639	273
2639	88
2640	20
2640	92
2640	235
2641	69
2641	295
2641	31
2642	107
2642	309
2642	171
2643	55
2643	108
2643	82
2644	3
2644	128
2644	31
2645	246
2645	256
2645	243
2646	237
2646	325
2646	0
2647	75
2647	187
2647	34
2648	155
2648	82
2648	48
2649	141
2649	53
2649	258
2650	144
2650	232
2650	155
2651	117
2651	249
2651	206
2652	161
2652	164
2652	246
2653	170
2653	142
2653	156
2654	154
2654	54
2654	94
2655	272
2655	14
2655	374
2656	14
2656	67
2656	162
2657	156
2657	180
2657	16
2658	155
2658	311
2658	139
2659	49
2659	155
2659	225
2660	68
2660	83
2660	129
2661	113
2661	220
2661	5
2662	280
2662	309
2662	55
2663	5
2663	175
2663	20
2664	154
2664	176
2664	8
2665	269
2665	250
2665	34
2666	14
2666	154
2666	252
2667	280
2667	138
2667	73
2668	111
2668	132
2668	141
2669	3
2669	292
2669	0
2670	260
2670	59
2670	141
2671	62
2671	8
2671	183
2672	15
2672	111
2672	206
2673	260
2673	79
2673	127
2674	141
2674	173
2674	77
2675	246
2675	42
2675	192
2676	32
2676	129
2676	173
2677	49
2677	227
2677	55
2678	0
2678	134
2678	88
2679	149
2679	0
2679	59
2680	208
2680	107
2680	175
2681	147
2681	141
2681	207
2682	146
2682	88
2682	262
2683	102
2683	174
2683	129
2684	110
2684	142
2684	119
2685	0
2685	123
2685	239
2686	195
2686	13
2686	292
2687	0
2687	277
2687	309
2688	117
2688	258
2688	173
2689	48
2689	146
2689	252
2690	20
2690	62
2690	237
2691	15
2691	4
2691	96
2692	30
2692	280
2692	195
2693	171
2693	27
2693	86
2694	60
2694	207
2694	55
2695	236
2695	195
2695	227
2696	123
2696	287
2696	185
2697	195
2697	258
2697	88
2698	129
2698	153
2698	280
2699	60
2699	370
2699	155
2700	0
2700	0
2700	1
2701	187
2701	164
2701	195
2702	119
2702	206
2702	114
2703	49
2703	0
2703	27
2704	0
2704	105
2704	212
2705	34
2705	219
2705	112
2706	197
2706	311
2706	8
2707	107
2707	75
2707	162
2708	176
2708	4
2708	141
2709	34
2709	113
2709	213
2710	277
2710	250
2710	345
2711	55
2711	27
2711	111
2712	63
2712	60
2712	237
2713	161
2713	258
2713	128
2714	141
2714	0
2714	55
2715	199
2715	352
2715	181
2716	221
2716	195
2716	161
2717	1
2717	236
2717	196
2718	290
2718	1
2718	0
2719	246
2719	110
2719	68
2720	172
2720	0
2720	0
2721	280
2721	225
2721	171
2722	98
2722	38
2722	280
2723	65
2723	0
2723	258
2724	8
2724	292
2724	83
2725	231
2725	61
2725	41
2726	14
2726	161
2726	34
2727	103
2727	256
2727	171
2728	173
2728	268
2728	141
2729	147
2729	12
2729	155
2730	176
2730	202
2730	207
2731	184
2731	268
2731	141
2732	185
2732	376
2732	110
2733	83
2733	272
2733	273
2734	30
2734	61
2734	181
2735	20
2735	181
2735	55
2736	14
2736	118
2736	62
2737	277
2737	3
2737	34
2738	115
2738	238
2738	236
2739	269
2739	60
2739	155
2740	166
2740	260
2740	141
2741	20
2741	16
2741	274
2742	210
2742	42
2742	137
2743	14
2743	181
2743	154
2744	196
2744	14
2744	258
2745	280
2745	141
2745	319
2746	171
2746	80
2746	164
2747	155
2747	370
2747	277
2748	277
2748	1
2748	42
2749	211
2749	79
2749	155
2750	243
2750	311
2750	196
2751	162
2751	128
2751	127
2752	108
2752	14
2752	60
2753	290
2753	258
2753	52
2754	62
2754	129
2754	155
2755	311
2755	132
2755	161
2756	207
2756	155
2756	113
2757	10
2757	288
2757	205
2758	123
2758	0
2758	73
2759	227
2759	34
2759	252
2760	147
2760	311
2760	141
2761	174
2761	95
2761	14
2762	151
2762	29
2762	171
2763	308
2763	141
2763	45
2764	114
2764	178
2764	181
2765	114
2765	52
2765	164
2766	98
2766	16
2766	141
2767	55
2767	181
2767	82
2768	155
2768	77
2768	60
2769	134
2769	230
2769	98
2770	80
2770	155
2770	143
2771	325
2771	102
2771	88
2772	62
2772	207
2772	60
2773	108
2773	93
2773	230
2774	195
2774	304
2774	280
2775	115
2775	52
2775	162
2776	154
2776	1
2776	114
2777	272
2777	338
2777	114
2778	16
2778	88
2778	256
2779	52
2779	280
2779	65
2780	147
2780	55
2780	309
2781	209
2781	369
2781	102
2782	181
2782	238
2782	14
2783	247
2783	34
2783	27
2784	38
2784	258
2784	1
2785	62
2785	212
2785	249
2786	175
2786	20
2786	55
2787	273
2787	258
2787	62
2788	250
2788	227
2788	92
2789	14
2789	266
2789	123
2790	230
2790	60
2790	330
2791	232
2791	187
2791	1
2792	114
2792	258
2792	229
2793	280
2793	3
2793	358
2794	0
2794	44
2794	14
2795	158
2795	184
2795	55
2796	311
2796	147
2796	94
2797	29
2797	206
2797	262
2798	250
2798	146
2798	280
2799	137
2799	3
2799	223
2800	235
2800	155
2800	137
2801	139
2801	258
2801	277
2802	232
2802	107
2802	64
2803	15
2803	45
2803	171
2804	129
2804	4
2804	237
2805	155
2805	181
2805	133
2806	358
2806	234
2806	142
2807	0
2807	210
2807	171
2808	151
2808	42
2808	292
2809	227
2809	155
2809	89
2810	141
2810	1
2810	79
2811	132
2811	1
2811	258
2812	258
2812	171
2812	107
2813	89
2813	171
2813	76
2814	325
2814	60
2814	36
2815	171
2815	258
2815	277
2816	79
2816	34
2816	250
2817	155
2817	140
2817	20
2818	107
2818	49
2818	155
2819	283
2819	195
2819	141
2820	16
2820	0
2820	83
2821	134
2821	155
2821	1
2822	49
2822	151
2822	84
2823	204
2823	110
2823	205
2824	46
2824	1
2824	29
2825	171
2825	136
2825	16
2826	39
2826	147
2826	16
2827	164
2827	173
2827	152
2828	227
2828	170
2828	207
2829	207
2829	16
2829	127
2830	141
2830	161
2830	184
2831	173
2831	290
2831	262
2832	79
2832	155
2832	4
2833	250
2833	37
2833	258
2834	254
2834	249
2834	185
2835	28
2835	353
2835	181
2836	1
2836	0
2836	101
2837	311
2837	10
2837	157
2838	74
2838	55
2838	113
2839	113
2839	108
2839	83
2840	52
2840	137
2840	20
2841	84
2841	187
2841	34
2842	374
2842	235
2842	114
2843	164
2843	49
2843	184
2844	68
2844	219
2844	258
2845	228
2845	123
2845	171
2846	188
2846	252
2846	246
2847	91
2847	382
2847	237
2848	55
2848	22
2848	160
2849	171
2849	161
2849	15
2850	60
2850	171
2850	319
2851	180
2851	369
2851	132
2852	198
2852	325
2852	192
2853	173
2853	113
2853	378
2854	123
2854	0
2854	114
2855	241
2855	246
2855	109
2856	35
2856	252
2856	1
2857	212
2857	58
2857	188
2858	63
2858	224
2858	60
2859	184
2859	171
2859	0
2860	14
2860	277
2860	351
2861	151
2861	247
2861	45
2862	195
2862	162
2862	16
2863	64
2863	374
2863	235
2864	0
2864	123
2864	231
2865	236
2865	171
2865	241
2866	130
2866	88
2866	0
2867	196
2867	79
2867	3
2868	266
2868	10
2868	72
2869	55
2869	219
2869	333
2870	204
2870	0
2870	250
2871	29
2871	110
2871	113
2872	161
2872	55
2872	34
2873	76
2873	282
2873	158
2874	114
2874	170
2874	83
2875	277
2875	365
2875	155
2876	208
2876	60
2876	162
2877	0
2877	311
2877	192
2878	184
2878	273
2878	338
2879	332
2879	60
2879	88
2880	155
2880	87
2880	194
2881	0
2881	88
2881	260
2882	374
2882	252
2882	60
2883	204
2883	16
2883	215
2884	356
2884	60
2884	114
2885	60
2885	198
2885	369
2886	74
2886	3
2886	143
2887	237
2887	39
2887	55
2888	183
2888	29
2888	60
2889	64
2889	0
2889	1
2890	100
2890	22
2890	333
2891	141
2891	34
2891	171
2892	236
2892	252
2892	60
2893	141
2893	374
2893	195
2894	178
2894	1
2894	0
2895	113
2895	320
2895	73
2896	155
2896	67
2896	113
2897	358
2897	62
2897	79
2898	20
2898	0
2898	2
2899	138
2899	192
2899	0
2900	0
2900	141
2900	113
2901	14
2901	0
2901	249
2902	123
2902	75
2902	0
2903	8
2903	278
2903	14
2904	64
2904	17
2904	129
2905	277
2905	252
2905	10
2906	232
2906	220
2906	196
2907	148
2907	168
2907	184
2908	269
2908	171
2908	154
2909	60
2909	172
2909	79
2910	103
2910	155
2910	147
2911	164
2911	292
2911	208
2912	171
2912	60
2912	29
2913	204
2913	18
2913	155
2914	55
2914	129
2914	123
2915	137
2915	20
2915	181
2916	161
2916	72
2916	154
2917	161
2917	3
2917	20
2918	51
2918	20
2918	148
2919	181
2919	311
2919	175
2920	171
2920	60
2920	333
2921	55
2921	1
2921	111
2922	171
2922	227
2922	73
2923	233
2923	287
2923	171
2924	162
2924	94
2924	165
2925	311
2925	117
2925	123
2926	129
2926	176
2926	180
2927	204
2927	230
2927	60
2928	112
2928	237
2928	125
2929	60
2929	129
2929	171
2930	112
2930	262
2930	141
2931	258
2931	14
2931	289
2932	50
2932	60
2932	193
2933	16
2933	49
2933	59
2934	8
2934	366
2934	83
2935	19
2935	55
2935	29
2936	0
2936	1
2936	369
2937	42
2937	60
2937	250
2938	108
2938	163
2938	164
2939	114
2939	276
2939	137
2940	356
2940	9
2940	139
2941	141
2941	16
2941	114
2942	89
2942	171
2942	227
2943	181
2943	41
2943	173
2944	55
2944	110
2944	172
2945	79
2945	83
2945	0
2946	171
2946	207
2946	3
2947	137
2947	127
2947	138
2948	114
2948	0
2948	260
2949	79
2949	123
2949	173
2950	15
2950	129
2950	161
2951	358
2951	64
2951	141
2952	76
2952	79
2952	205
2953	225
2953	3
2953	113
2954	190
2954	80
2954	123
2955	0
2955	52
2955	173
2956	93
2956	311
2956	114
2957	171
2957	112
2957	129
2958	174
2958	55
2958	137
2959	107
2959	23
2959	132
2960	282
2960	16
2960	66
2961	202
2961	311
2961	113
2962	79
2962	232
2962	155
2963	259
2963	55
2963	155
2964	161
2964	333
2964	195
2965	382
2965	176
2965	12
2966	167
2966	167
2966	164
2967	27
2967	69
2967	117
2968	210
2968	111
2968	113
2969	123
2969	338
2969	45
2970	292
2970	257
2970	110
2971	63
2971	75
2971	219
2972	180
2972	16
2972	321
2973	64
2973	280
2973	374
2974	49
2974	199
2974	256
2975	171
2975	98
2975	20
2976	55
2976	124
2976	34
2977	233
2977	272
2977	73
2978	46
2978	55
2978	33
2979	142
2979	170
2979	167
2980	62
2980	181
2980	376
2981	284
2981	62
2981	277
2982	88
2982	174
2982	48
2983	12
2983	168
2983	181
2984	16
2984	231
2984	141
2985	249
2985	45
2985	27
2986	89
2986	34
2986	147
2987	16
2987	39
2987	232
2988	6
2988	173
2988	206
2989	34
2989	141
2989	88
2990	93
2990	155
2990	82
2991	102
2991	63
2991	52
2992	277
2992	64
2992	97
2993	82
2993	94
2993	311
2994	41
2994	14
2994	61
2995	123
2995	62
2995	3
2996	29
2996	49
2996	175
2997	155
2997	48
2997	311
2998	261
2998	8
2998	146
2999	201
2999	280
2999	353
3000	151
3000	188
3000	171
3001	96
3001	26
3001	247
3002	374
3002	27
3002	222
3003	102
3003	56
3003	309
3004	59
3004	236
3004	52
3005	55
3005	243
3005	188
3006	27
3006	73
3006	258
3007	216
3007	214
3007	20
3008	113
3008	8
3008	204
3009	138
3009	195
3009	0
3010	147
3010	111
3010	93
3011	155
3011	181
3011	285
3012	60
3012	139
3012	78
3013	139
3013	113
3013	133
3014	146
3014	233
3014	88
3015	87
3015	86
3015	129
3016	139
3016	151
3016	42
3017	192
3017	171
3017	311
3018	309
3018	88
3018	141
3019	195
3019	102
3019	236
3020	86
3020	18
3020	129
3021	73
3021	141
3021	0
3022	75
3022	133
3022	162
3023	247
3023	59
3023	60
3024	27
3024	162
3024	3
3025	8
3025	35
3025	156
3026	229
3026	1
3026	311
3027	246
3027	193
3027	16
3028	121
3028	153
3028	217
3029	129
3029	3
3029	32
3030	41
3030	173
3030	79
3031	155
3031	97
3031	60
3032	32
3032	148
3032	292
3033	63
3033	0
3033	280
3034	195
3034	378
3034	181
3035	154
3035	117
3035	277
3036	117
3036	76
3036	320
3037	10
3037	338
3037	55
3038	155
3038	256
3038	197
3039	114
3039	145
3039	34
3040	277
3040	95
3040	139
3041	252
3041	93
3041	333
3042	250
3042	282
3042	60
3043	217
3043	232
3043	180
3044	60
3044	75
3044	319
3045	235
3045	34
3045	171
3046	280
3046	155
3046	63
3047	79
3047	5
3047	141
3048	20
3048	84
3048	14
3049	280
3049	256
3049	176
3050	63
3050	153
3050	277
3051	129
3051	13
3051	142
3052	96
3052	162
3052	1
3053	277
3053	14
3053	161
3054	235
3054	243
3054	311
3055	141
3055	204
3055	117
3056	149
3056	229
3056	88
3057	1
3057	222
3057	258
3058	117
3058	79
3058	351
3059	260
3059	122
3059	164
3060	184
3060	260
3060	9
3061	80
3061	210
3061	325
3062	75
3062	184
3062	60
3063	338
3063	128
3063	155
3064	287
3064	127
3064	203
3065	55
3065	171
3065	348
3066	75
3066	94
3066	320
3067	9
3067	65
3067	53
3068	73
3068	217
3068	93
3069	0
3069	141
3069	258
3070	358
3070	187
3070	41
3071	110
3071	119
3071	73
3072	1
3072	205
3072	141
3073	62
3073	117
3073	111
3074	247
3074	55
3074	16
3075	82
3075	130
3075	130
3076	115
3076	73
3076	325
3077	222
3077	19
3077	60
3078	14
3078	161
3078	310
3079	311
3079	199
3079	287
3080	149
3080	139
3080	60
3081	55
3081	147
3081	125
3082	60
3082	55
3082	325
3083	230
3083	311
3083	169
3084	3
3084	23
3084	280
3085	187
3085	8
3085	147
3086	171
3086	0
3086	303
3087	93
3087	220
3087	207
3088	366
3088	86
3088	88
3089	147
3089	2
3089	217
3090	171
3090	345
3090	233
3091	133
3091	142
3091	130
3092	141
3092	65
3092	249
3093	164
3093	153
3093	359
3094	10
3094	184
3094	129
3095	171
3095	118
3095	93
3096	226
3096	0
3096	1
3097	338
3097	180
3097	55
3098	258
3098	164
3098	46
3099	79
3099	73
3099	180
3100	351
3100	27
3100	155
3101	258
3101	141
3101	117
3102	167
3102	161
3102	79
3103	222
3103	129
3103	16
3104	152
3104	180
3104	1
3105	1
3105	55
3105	142
3106	54
3106	73
3106	258
3107	4
3107	15
3107	368
3108	236
3108	147
3108	73
3109	207
3109	223
3109	155
3110	215
3110	10
3110	311
3111	27
3111	0
3111	141
3112	60
3112	127
3112	258
3113	1
3113	141
3113	155
3114	65
3114	27
3114	246
3115	53
3115	171
3115	69
3116	206
3116	187
3116	96
3117	14
3117	79
3117	60
3118	292
3118	1
3118	102
3119	53
3119	181
3119	14
3120	197
3120	9
3120	55
3121	130
3121	108
3121	256
3122	62
3122	93
3122	260
3123	27
3123	184
3123	120
3124	75
3124	3
3124	358
3125	1
3125	0
3125	60
3126	142
3126	24
3126	129
3127	181
3127	127
3127	154
3128	112
3128	236
3128	271
3129	15
3129	180
3129	65
3130	192
3130	171
3130	247
3131	155
3131	29
3131	225
3132	55
3132	130
3132	144
3133	236
3133	195
3133	141
3134	1
3134	171
3134	71
3135	273
3135	46
3135	156
3136	181
3136	350
3136	117
3137	18
3137	311
3137	55
3138	277
3138	208
3138	241
3139	22
3139	273
3139	199
3140	289
3140	60
3140	195
3141	347
3141	3
3141	8
3142	151
3142	156
3142	114
3143	1
3143	155
3143	53
3144	229
3144	117
3144	93
3145	6
3145	243
3145	246
3146	212
3146	254
3146	191
3147	120
3147	27
3147	57
3148	34
3148	111
3148	210
3149	309
3149	145
3149	93
3150	200
3150	235
3150	55
3151	128
3151	229
3151	55
3152	155
3152	148
3152	311
3153	181
3153	20
3153	92
3154	114
3154	207
3154	98
3155	141
3155	173
3155	0
3156	295
3156	105
3156	162
3157	181
3157	83
3157	138
3158	153
3158	8
3158	29
3159	87
3159	60
3159	246
3160	14
3160	233
3160	60
3161	62
3161	80
3161	155
3162	171
3162	141
3162	138
3163	83
3163	140
3163	14
3164	75
3164	93
3164	253
3165	187
3165	107
3165	195
3166	0
3166	60
3166	182
3167	60
3167	199
3167	182
3168	16
3168	156
3168	51
3169	197
3169	156
3169	161
3170	184
3170	28
3170	130
3171	88
3171	237
3171	325
3172	148
3172	171
3172	154
3173	89
3173	73
3173	60
3174	190
3174	88
3174	234
3175	112
3175	129
3175	93
3176	142
3176	129
3176	51
3177	260
3177	236
3177	155
3178	93
3178	286
3178	195
3179	93
3179	155
3179	325
3180	317
3180	141
3180	73
3181	379
3181	73
3181	280
3182	173
3182	256
3182	311
3183	219
3183	3
3183	129
3184	258
3184	155
3184	26
3185	102
3185	0
3185	79
3186	290
3186	155
3186	290
3187	155
3187	311
3187	79
3188	155
3188	151
3188	190
3189	146
3189	206
3189	70
3190	262
3190	139
3190	60
3191	1
3191	168
3191	61
3192	155
3192	311
3192	280
3193	369
3193	65
3193	0
3194	358
3194	0
3194	3
3195	0
3195	180
3195	311
3196	12
3196	180
3196	298
3197	142
3197	16
3197	171
3198	235
3198	79
3198	51
3199	181
3199	252
3199	276
3200	255
3200	138
3200	164
3201	338
3201	55
3201	60
3202	113
3202	219
3202	20
3203	127
3203	358
3203	235
3204	333
3204	93
3204	222
3205	123
3205	55
3205	138
3206	14
3206	16
3206	60
3207	161
3207	11
3207	79
3208	60
3208	3
3208	59
3209	114
3209	329
3209	256
3210	51
3210	48
3210	29
3211	111
3211	87
3211	223
3212	258
3212	113
3212	273
3213	68
3213	196
3213	123
3214	144
3214	325
3214	250
3215	171
3215	85
3215	93
3216	117
3216	16
3216	258
3217	1
3217	34
3217	0
3218	0
3218	212
3218	55
3219	213
3219	171
3219	60
3220	164
3220	155
3220	105
3221	243
3221	155
3221	210
3222	187
3222	16
3222	82
3223	199
3223	282
3223	273
3224	84
3224	141
3224	309
3225	171
3225	79
3225	29
3226	16
3226	212
3226	87
3227	243
3227	82
3227	47
3228	161
3228	87
3228	57
3229	93
3229	170
3229	19
3230	73
3230	88
3230	79
3231	176
3231	325
3231	76
3232	18
3232	260
3232	255
3233	163
3233	325
3233	187
3234	73
3234	368
3234	27
3235	208
3235	129
3235	171
3236	1
3236	78
3236	3
3237	123
3237	141
3237	351
3238	55
3238	93
3238	290
3239	171
3239	60
3239	77
3240	258
3240	261
3240	15
3241	121
3241	55
3241	273
3242	0
3242	122
3242	88
3243	0
3243	74
3243	80
3244	49
3244	180
3244	0
3245	93
3245	24
3245	1
3246	113
3246	277
3246	258
3247	155
3247	10
3247	292
3248	237
3248	53
3248	87
3249	164
3249	280
3249	55
3250	313
3250	88
3250	273
3251	112
3251	171
3251	34
3252	113
3252	110
3252	268
3253	357
3253	27
3253	185
3254	258
3254	27
3254	215
3255	280
3255	3
3255	311
3256	67
3256	60
3256	258
3257	14
3257	74
3257	16
3258	18
3258	0
3258	176
3259	362
3259	51
3259	198
3260	258
3260	55
3260	128
3261	250
3261	34
3261	175
3262	141
3262	173
3262	142
3263	79
3263	127
3263	151
3264	93
3264	185
3264	16
3265	127
3265	164
3265	334
3266	236
3266	41
3266	230
3267	3
3267	60
3267	16
3268	155
3268	253
3268	151
3269	141
3269	84
3269	258
3270	74
3270	181
3270	155
3271	29
3271	238
3271	358
3272	270
3272	34
3272	176
3273	171
3273	282
3273	16
3274	141
3274	76
3274	45
3275	207
3275	3
3275	271
3276	32
3276	20
3276	258
3277	207
3277	14
3277	16
3278	237
3278	311
3278	196
3279	93
3279	357
3279	180
3280	62
3280	338
3280	93
3281	181
3281	210
3281	205
3282	3
3282	13
3282	129
3283	149
3283	216
3283	48
3284	229
3284	155
3284	79
3285	94
3285	147
3285	49
3286	311
3286	155
3286	99
3287	0
3287	273
3287	0
3288	219
3288	113
3288	59
3289	149
3289	62
3289	94
3290	4
3290	60
3290	34
3291	311
3291	51
3291	245
3292	83
3292	210
3292	73
3293	206
3293	161
3293	60
3294	60
3294	258
3294	241
3295	0
3295	196
3295	181
3296	311
3296	60
3296	195
3297	93
3297	148
3297	154
3298	113
3298	93
3298	307
3299	155
3299	374
3299	235
3300	1
3300	212
3300	63
3301	146
3301	123
3301	75
3302	10
3302	247
3302	17
3303	141
3303	117
3303	229
3304	242
3304	235
3304	252
3305	141
3305	317
3305	187
3306	258
3306	20
3306	46
3307	93
3307	254
3307	185
3308	260
3308	60
3308	287
3309	137
3309	16
3309	4
3310	69
3310	60
3310	64
3311	333
3311	141
3311	168
3312	298
3312	14
3312	128
3313	3
3313	142
3313	311
3314	200
3314	59
3314	268
3315	280
3315	31
3315	154
3316	41
3316	208
3316	155
3317	230
3317	80
3317	12
3318	34
3318	59
3318	60
3319	187
3319	117
3319	34
3320	292
3320	84
3320	141
3321	199
3321	161
3321	170
3322	127
3322	14
3322	162
3323	183
3323	233
3323	199
3324	51
3324	129
3324	230
3325	0
3325	15
3325	171
3326	258
3326	120
3326	128
3327	141
3327	173
3327	22
3328	219
3328	55
3328	48
3329	256
3329	130
3329	256
3330	182
3330	96
3330	142
3331	311
3331	117
3331	34
3332	235
3332	180
3332	197
3333	53
3333	148
3333	34
3334	180
3334	24
3334	258
3335	180
3335	258
3335	147
3336	34
3336	155
3336	86
3337	219
3337	49
3337	76
3338	154
3338	235
3338	84
3339	196
3339	266
3339	45
3340	134
3340	246
3340	155
3341	141
3341	375
3341	185
3342	155
3342	260
3342	94
3343	170
3343	211
3343	236
3344	141
3344	3
3344	179
3345	246
3345	62
3345	280
3346	14
3346	2
3346	16
3347	258
3347	171
3347	29
3348	141
3348	220
3348	184
3349	260
3349	48
3349	173
3350	129
3350	204
3350	3
3351	382
3351	62
3351	273
3352	63
3352	197
3352	155
3353	231
3353	60
3353	356
3354	171
3354	292
3354	103
3355	370
3355	55
3355	123
3356	155
3356	220
3356	141
3357	14
3357	241
3357	180
3358	240
3358	130
3358	69
3359	94
3359	147
3359	127
3360	160
3360	55
3360	272
3361	146
3361	3
3361	34
3362	20
3362	364
3362	93
3363	185
3363	108
3363	141
3364	319
3364	127
3364	67
3365	60
3365	31
3365	188
3366	258
3366	88
3366	222
3367	114
3367	258
3367	141
3368	277
3368	1
3368	292
3369	155
3369	79
3369	351
3370	189
3370	117
3370	79
3371	289
3371	60
3371	5
3372	42
3372	311
3372	62
3373	258
3373	107
3373	79
3374	129
3374	5
3374	142
3375	188
3375	1
3375	108
3376	338
3376	27
3376	253
3377	63
3377	141
3377	170
3378	200
3378	292
3378	141
3379	45
3379	16
3379	63
3380	27
3380	261
3380	0
3381	45
3381	286
3381	210
3382	55
3382	280
3382	246
3383	196
3383	338
3383	55
3384	173
3384	190
3384	123
3385	168
3385	60
3385	0
3386	143
3386	190
3386	141
3387	146
3387	277
3387	176
3388	16
3388	14
3388	141
3389	248
3389	311
3389	252
3390	113
3390	162
3390	237
3391	82
3391	16
3391	45
3392	116
3392	6
3392	199
3393	155
3393	220
3393	10
3394	258
3394	27
3394	117
3395	264
3395	235
3395	65
3396	290
3396	102
3396	273
3397	292
3397	98
3397	84
3398	88
3398	179
3398	206
3399	60
3399	1
3399	170
3400	113
3400	132
3400	129
3401	42
3401	325
3401	83
3402	111
3402	133
3402	93
3403	83
3403	171
3403	210
3404	280
3404	154
3404	173
3405	0
3405	123
3405	230
3406	143
3406	127
3406	75
3407	137
3407	161
3407	207
3408	276
3408	199
3408	146
3409	84
3409	111
3409	60
3410	230
3410	207
3410	151
3411	246
3411	141
3411	235
3412	112
3412	34
3412	1
3413	164
3413	171
3413	221
3414	280
3414	311
3414	231
3415	63
3415	151
3415	155
3416	30
3416	147
3416	16
3417	12
3417	0
3417	55
3418	336
3418	60
3418	59
3419	171
3419	93
3419	108
3420	0
3420	258
3420	1
3421	141
3421	230
3421	207
3422	88
3422	186
3422	0
3423	55
3423	351
3423	155
3424	277
3424	231
3424	232
3425	94
3425	114
3425	129
3426	114
3426	30
3426	291
3427	202
3427	292
3427	102
3428	162
3428	55
3428	192
3429	106
3429	138
3429	155
3430	45
3430	2
3430	19
3431	155
3431	338
3431	232
3432	258
3432	18
3432	199
3433	132
3433	207
3433	16
3434	156
3434	291
3434	369
3435	41
3435	358
3435	173
3436	139
3436	258
3436	141
3437	230
3437	190
3437	295
3438	137
3438	141
3438	2
3439	117
3439	338
3439	277
3440	129
3440	60
3440	83
3441	204
3441	171
3441	241
3442	54
3442	88
3442	207
3443	27
3443	127
3443	89
3444	246
3444	15
3444	45
3445	292
3445	241
3445	24
3446	73
3446	236
3446	102
3447	249
3447	154
3447	60
3448	170
3448	220
3448	16
3449	162
3449	171
3449	141
3450	187
3450	236
3450	200
3451	83
3451	133
3451	237
3452	94
3452	153
3452	162
3453	209
3453	17
3453	102
3454	16
3454	216
3454	90
3455	108
3455	181
3455	150
3456	176
3456	140
3456	46
3457	127
3457	182
3457	246
3458	34
3458	225
3458	3
3459	204
3459	311
3459	155
3460	141
3460	16
3460	141
3461	34
3461	235
3461	216
3462	146
3462	106
3462	79
3463	132
3463	230
3463	12
3464	156
3464	16
3464	141
3465	280
3465	378
3465	55
3466	123
3466	358
3466	117
3467	1
3467	24
3467	6
3468	10
3468	55
3468	22
3469	60
3469	88
3469	19
3470	60
3470	176
3470	278
3471	181
3471	189
3471	1
3472	60
3472	287
3472	93
3473	47
3473	199
3473	258
3474	69
3474	173
3474	16
3475	250
3475	120
3475	181
3476	9
3476	258
3476	105
3477	1
3477	0
3477	169
3478	16
3478	194
3478	5
3479	91
3479	292
3479	60
3480	338
3480	107
3480	252
3481	3
3481	125
3481	137
3482	155
3482	96
3482	79
3483	48
3483	311
3483	117
3484	308
3484	114
3484	147
3485	20
3485	19
3485	32
3486	292
3486	57
3486	60
3487	93
3487	29
3487	64
3488	139
3488	141
3488	79
3489	141
3489	105
3489	16
3490	16
3490	193
3490	10
3491	138
3491	173
3491	55
3492	82
3492	154
3492	235
3493	62
3493	15
3493	271
3494	146
3494	62
3494	60
3495	14
3495	280
3495	76
3496	181
3496	62
3496	23
3497	83
3497	142
3497	34
3498	195
3498	60
3498	359
3499	127
3499	170
3499	63
3500	280
3500	319
3500	55
3501	143
3501	60
3501	203
3502	29
3502	55
3502	357
3503	18
3503	258
3503	114
3504	258
3504	261
3504	60
3505	129
3505	273
3505	72
3506	164
3506	127
3506	106
3507	213
3507	221
3507	27
3508	141
3508	195
3508	16
3509	173
3509	311
3509	60
3510	109
3510	287
3510	336
3511	238
3511	380
3511	230
3512	42
3512	27
3512	65
3513	108
3513	273
3513	173
3514	0
3514	113
3514	27
3515	232
3515	173
3515	113
3516	180
3516	34
3516	127
3517	22
3517	181
3517	311
3518	115
3518	276
3518	246
3519	223
3519	60
3519	142
3520	20
3520	60
3520	102
3521	0
3521	79
3521	27
3522	220
3522	284
3522	88
3523	191
3523	204
3523	114
3524	27
3524	258
3524	113
3525	22
3525	1
3525	69
3526	204
3526	138
3526	212
3527	53
3527	223
3527	155
3528	271
3528	141
3528	114
3529	114
3529	149
3529	141
3530	162
3530	128
3530	181
3531	161
3531	155
3531	351
3532	55
3532	146
3532	93
3533	325
3533	267
3533	155
3534	232
3534	151
3534	120
3535	194
3535	22
3535	114
3536	173
3536	74
3536	34
3537	235
3537	214
3537	256
3538	180
3538	153
3538	290
3539	110
3539	9
3539	83
3540	258
3540	133
3540	181
3541	162
3541	141
3541	258
3542	34
3542	212
3542	114
3543	48
3543	73
3543	20
3544	231
3544	29
3544	164
3545	162
3545	115
3545	141
3546	65
3546	49
3546	162
3547	114
3547	60
3547	129
3548	51
3548	138
3548	155
3549	207
3549	141
3549	382
3550	311
3550	261
3550	20
3551	273
3551	309
3551	173
3552	350
3552	9
3552	171
3553	163
3553	93
3553	173
3554	206
3554	1
3554	0
3555	173
3555	282
3555	216
3556	260
3556	18
3556	88
3557	88
3557	190
3557	16
3558	10
3558	236
3558	247
3559	323
3559	181
3559	176
3560	254
3560	122
3560	181
3561	162
3561	61
3561	113
3562	292
3562	114
3562	278
3563	60
3563	250
3563	195
3564	202
3564	31
3564	219
3565	40
3565	90
3565	127
3566	63
3566	0
3566	141
3567	147
3567	258
3567	181
3568	27
3568	260
3568	62
3569	195
3569	137
3569	141
3570	338
3570	106
3570	123
3571	0
3571	3
3571	227
3572	73
3572	76
3572	233
3573	141
3573	173
3573	286
3574	15
3574	156
3574	29
3575	88
3575	246
3575	206
3576	110
3576	138
3576	88
3577	250
3577	76
3577	16
3578	76
3578	0
3578	93
3579	127
3579	129
3579	199
3580	211
3580	69
3580	230
3581	93
3581	139
3581	233
3582	184
3582	1
3582	260
3583	232
3583	246
3583	171
3584	3
3584	60
3584	207
3585	88
3585	0
3585	292
3586	295
3586	93
3586	14
3587	17
3587	186
3587	164
3588	0
3588	255
3588	171
3589	114
3589	196
3589	108
3590	238
3590	184
3590	5
3591	0
3591	195
3591	8
3592	79
3592	41
3592	1
3593	320
3593	156
3593	113
3594	162
3594	141
3594	114
3595	155
3595	34
3595	280
3596	53
3596	195
3596	0
3597	294
3597	1
3597	34
3598	318
3598	45
3598	198
3599	207
3599	114
3599	41
3600	155
3600	60
3600	325
3601	0
3601	236
3601	258
3602	171
3602	31
3602	27
3603	195
3603	146
3603	27
3604	298
3604	60
3604	32
3605	176
3605	276
3605	60
3606	247
3606	373
3606	88
3607	113
3607	82
3607	16
3608	21
3608	164
3608	65
3609	268
3609	34
3609	195
3610	51
3610	89
3610	1
3611	147
3611	280
3611	382
3612	196
3612	5
3612	232
3613	16
3613	141
3613	139
3614	123
3614	190
3614	59
3615	311
3615	225
3615	227
3616	264
3616	41
3616	155
3617	260
3617	29
3617	190
3618	91
3618	4
3618	197
3619	96
3619	3
3619	254
3620	134
3620	52
3620	155
3621	247
3621	287
3621	161
3622	155
3622	224
3622	123
3623	59
3623	181
3623	63
3624	1
3624	180
3624	137
3625	221
3625	45
3625	276
3626	171
3626	221
3626	1
3627	197
3627	154
3627	171
3628	133
3628	108
3628	27
3629	3
3629	73
3629	138
3630	336
3630	117
3630	192
3631	93
3631	117
3631	74
3632	292
3632	0
3632	62
3633	1
3633	155
3633	111
3634	337
3634	106
3634	164
3635	1
3635	210
3635	292
3636	88
3636	9
3636	22
3637	129
3637	155
3637	210
3638	256
3638	108
3638	76
3639	368
3639	0
3639	4
3640	73
3640	123
3640	7
3641	158
3641	378
3641	24
3642	92
3642	237
3642	88
3643	30
3643	16
3643	148
3644	55
3644	146
3644	60
3645	104
3645	114
3645	210
3646	34
3646	23
3646	1
3647	221
3647	2
3647	0
3648	292
3648	123
3648	62
3649	13
3649	66
3649	148
3650	309
3650	139
3650	280
3651	3
3651	258
3651	145
3652	181
3652	176
3652	184
3653	16
3653	134
3653	5
3654	173
3654	311
3654	164
3655	131
3655	258
3655	75
3656	60
3656	184
3656	171
3657	268
3657	280
3657	75
3658	181
3658	16
3658	195
3659	1
3659	0
3659	67
3660	127
3660	171
3660	238
3661	181
3661	88
3661	112
3662	69
3662	93
3662	1
3663	155
3663	176
3663	181
3664	161
3664	221
3664	3
3665	79
3665	155
3665	93
3666	143
3666	138
3666	171
3667	16
3667	218
3667	34
3668	187
3668	27
3668	187
3669	280
3669	209
3669	198
3670	94
3670	190
3670	17
3671	91
3671	34
3671	141
3672	156
3672	0
3672	268
3673	165
3673	301
3673	93
3674	141
3674	45
3674	137
3675	127
3675	84
3675	60
3676	39
3676	181
3676	155
3677	258
3677	20
3677	273
3678	108
3678	83
3678	16
3679	71
3679	130
3679	221
3680	12
3680	34
3680	88
3681	296
3681	17
3681	107
3682	161
3682	113
3682	144
3683	341
3683	0
3683	171
3684	366
3684	130
3684	60
3685	52
3685	348
3685	55
3686	1
3686	129
3686	195
3687	187
3687	127
3687	63
3688	12
3688	58
3688	236
3689	168
3689	141
3689	149
3690	41
3690	139
3690	93
3691	138
3691	155
3691	162
3692	9
3692	162
3692	193
3693	10
3693	338
3693	181
3694	45
3694	219
3694	164
3695	87
3695	60
3695	19
3696	1
3696	0
3696	112
3697	161
3697	74
3697	206
3698	75
3698	153
3698	230
3699	117
3699	138
3699	0
3700	235
3700	184
3700	256
3701	19
3701	177
3701	60
3702	154
3702	239
3702	141
3703	195
3703	216
3703	7
3704	71
3704	173
3704	151
3705	119
3705	162
3705	88
3706	311
3706	145
3706	3
3707	17
3707	382
3707	173
3708	141
3708	176
3708	59
3709	88
3709	93
3709	297
3710	206
3710	225
3710	27
3711	282
3711	219
3711	88
3712	1
3712	158
3712	292
3713	287
3713	16
3713	171
3714	46
3714	12
3714	254
3715	113
3715	8
3715	96
3716	41
3716	154
3716	133
3717	185
3717	194
3717	292
3718	96
3718	82
3718	187
3719	252
3719	325
3719	29
3720	69
3720	162
3720	141
3721	273
3721	117
3721	129
3722	180
3722	53
3722	206
3723	351
3723	27
3723	55
3724	181
3724	114
3724	259
3725	93
3725	236
3725	1
3726	280
3726	292
3726	18
3727	13
3727	113
3727	258
3728	203
3728	4
3728	196
3729	29
3729	250
3729	141
3730	236
3730	161
3730	31
3731	65
3731	338
3731	60
3732	171
3732	160
3732	292
3733	141
3733	185
3733	308
3734	137
3734	227
3734	111
3735	233
3735	180
3735	0
3736	165
3736	207
3736	192
3737	16
3737	141
3737	376
3738	113
3738	375
3738	161
3739	52
3739	184
3739	76
3740	194
3740	40
3740	147
3741	221
3741	37
3741	114
3742	181
3742	233
3742	297
3743	78
3743	41
3743	187
3744	31
3744	93
3744	264
3745	153
3745	55
3745	223
3746	139
3746	52
3746	138
3747	138
3747	71
3747	171
3748	259
3748	55
3748	260
3749	250
3749	141
3749	261
3750	60
3750	201
3750	358
3751	181
3751	300
3751	84
3752	191
3752	190
3752	113
3753	243
3753	60
3753	343
3754	129
3754	180
3754	0
3755	273
3755	287
3755	114
3756	29
3756	193
3756	60
3757	250
3757	16
3757	20
3758	100
3758	292
3758	65
3759	273
3759	88
3759	102
3760	311
3760	141
3760	60
3761	12
3761	95
3761	88
3762	268
3762	93
3762	88
3763	141
3763	69
3763	55
3764	79
3764	298
3764	88
3765	75
3765	141
3765	308
3766	190
3766	273
3766	170
3767	75
3767	298
3767	280
3768	79
3768	144
3768	141
3769	127
3769	287
3769	258
3770	166
3770	88
3770	113
3771	207
3771	130
3771	161
3772	60
3772	73
3772	113
3773	12
3773	73
3773	258
3774	164
3774	162
3774	3
3775	89
3775	171
3775	252
3776	60
3776	13
3776	198
3777	171
3777	16
3777	111
3778	161
3778	114
3778	258
3779	176
3779	29
3779	345
3780	29
3780	1
3780	76
3781	201
3781	171
3781	151
3782	102
3782	305
3782	198
3783	113
3783	93
3783	155
3784	292
3784	114
3784	194
3785	258
3785	92
3785	84
3786	184
3786	0
3786	5
3787	177
3787	369
3787	55
3788	31
3788	237
3788	173
3789	95
3789	192
3789	114
3790	127
3790	16
3790	60
3791	173
3791	181
3791	127
3792	79
3792	95
3792	41
3793	155
3793	194
3793	207
3794	88
3794	0
3794	169
3795	231
3795	164
3795	38
3796	79
3796	173
3796	162
3797	80
3797	69
3797	16
3798	48
3798	311
3798	231
3799	27
3799	49
3799	171
3800	95
3800	155
3800	141
3801	230
3801	194
3801	10
3802	164
3802	49
3802	280
3803	155
3803	207
3803	93
3804	129
3804	16
3804	176
3805	1
3805	180
3805	206
3806	246
3806	48
3806	88
3807	173
3807	18
3807	31
3808	243
3808	256
3808	20
3809	280
3809	325
3809	173
3810	241
3810	220
3810	205
3811	293
3811	127
3811	298
3812	29
3812	243
3812	35
3813	137
3813	117
3813	256
3814	108
3814	141
3814	4
3815	4
3815	16
3815	48
3816	172
3816	16
3816	129
