3	1351
3	1816
4	3
4	80
4	254
4	535
4	615
4	869
4	2900
4	3436
4	3464
4	3488
4	3613
5	1184
5	1552
5	2718
7	150
7	731
7	811
7	1416
7	1536
7	2510
8	715
8	732
8	737
8	792
8	1405
8	3073
8	3780
9	325
10	385
11	130
11	2026
11	2546
12	3260
13	1641
13	3229
14	20
14	366
14	1153
14	3229
15	128
15	203
15	913
15	1306
15	1444
15	2197
15	2711
15	2869
15	3183
15	3328
16	2301
16	3557
18	1860
18	1953
19	1831
19	2447
19	3380
19	3521
21	832
23	501
23	1446
23	2528
23	2796
24	1195
24	1385
24	1442
24	2404
24	2491
24	2621
24	2693
24	2696
24	3100
24	3299
24	3359
26	28
26	2957
27	31
27	1869
27	2175
29	416
29	1636
29	1694
29	2441
29	2758
29	2894
29	3217
29	3689
31	692
31	2512
31	3156
31	3403
35	2965
36	1701
36	1855
36	3356
37	267
37	1007
37	3021
37	3543
38	2447
38	3020
39	33
39	587
39	605
39	829
39	1127
39	1226
39	2746
39	3413
40	72
40	2526
40	2872
40	2989
43	3545
44	484
44	804
45	2707
45	2991
47	3348
48	129
48	261
49	782
49	1986
52	98
52	1017
52	2053
52	2491
52	3482
53	6
53	561
53	1477
53	1568
53	1940
53	2096
53	2494
53	2633
53	2703
53	3246
53	3290
53	3524
53	3756
54	13
54	3792
55	91
57	1578
58	1458
58	2004
58	2694
58	2756
59	2197
60	2716
61	452
61	598
61	2015
61	2326
62	344
62	869
62	1029
63	1417
63	1711
63	2754
63	3187
64	3309
65	1876
65	3009
66	743
66	1077
67	3025
68	683
71	559
71	2039
72	1505
72	2436
73	1129
73	1598
73	1874
73	1967
73	1982
73	2041
73	2945
74	1002
75	1994
75	2673
75	2749
78	10
79	798
79	1499
80	2944
81	417
81	1038
81	1771
81	2460
81	3257
82	2688
83	113
83	574
83	2191
83	2320
84	1879
86	1080
88	1094
88	2535
89	1885
91	329
91	1148
91	2839
93	338
93	347
93	844
93	1044
93	1063
94	154
94	470
94	869
94	899
94	1332
94	1669
94	2637
96	2469
97	283
97	425
97	938
97	1053
97	1606
97	1831
97	1859
97	1915
97	2205
97	2711
97	2914
97	2921
97	3723
98	87
98	347
98	2601
99	387
99	789
99	808
99	913
99	2694
100	587
101	2100
101	3696
102	314
102	1629
103	20
103	56
103	75
103	90
103	93
103	105
103	145
103	160
103	168
103	195
103	209
103	212
103	217
103	249
103	258
103	275
103	291
103	316
103	329
103	349
103	360
103	374
103	393
103	394
103	399
103	400
103	418
103	457
103	486
103	496
103	527
103	564
103	594
103	600
103	606
103	613
103	629
103	644
103	668
103	683
103	698
103	717
103	747
103	760
103	775
103	839
103	862
103	869
103	872
103	880
103	905
103	914
103	916
103	921
103	930
103	933
103	935
103	955
103	972
103	981
103	983
103	988
103	1006
103	1010
103	1024
103	1029
103	1055
103	1063
103	1068
103	1087
103	1108
103	1116
103	1127
103	1166
103	1169
103	1175
103	1209
103	1238
103	1243
103	1255
103	1281
103	1296
103	1316
103	1319
103	1344
103	1348
103	1356
103	1359
103	1362
103	1387
103	1406
103	1437
103	1439
103	1456
103	1467
103	1471
103	1514
103	1535
103	1539
103	1566
103	1567
103	1579
103	1598
103	1607
103	1612
103	1616
103	1697
103	1698
103	1700
103	1744
103	1752
103	1765
103	1781
103	1789
103	1796
103	1797
103	1800
103	1815
103	1854
103	1868
103	1872
103	1957
103	1991
103	2001
103	2015
103	2025
103	2032
103	2044
103	2056
103	2074
103	2089
103	2093
103	2128
103	2130
103	2161
103	2193
103	2197
103	2211
103	2228
103	2281
103	2284
103	2292
103	2304
103	2340
103	2343
103	2382
103	2391
103	2402
103	2413
103	2439
103	2481
103	2489
103	2504
103	2507
103	2520
103	2540
103	2582
103	2594
103	2596
103	2597
103	2613
103	2617
103	2694
103	2711
103	2726
103	2746
103	2767
103	2772
103	2780
103	2795
103	2801
103	2839
103	2849
103	2854
103	2860
103	2864
103	2872
103	2874
103	2890
103	2914
103	2927
103	3006
103	3012
103	3034
103	3068
103	3078
103	3081
103	3092
103	3106
103	3107
103	3119
103	3125
103	3134
103	3157
103	3191
103	3232
103	3234
103	3249
103	3252
103	3253
103	3260
103	3296
103	3298
103	3307
103	3311
103	3329
103	3341
103	3357
103	3363
103	3368
103	3385
103	3399
103	3419
103	3436
103	3472
103	3494
103	3516
103	3524
103	3547
103	3568
103	3580
103	3589
103	3603
103	3646
103	3656
103	3666
103	3674
103	3686
103	3694
103	3709
103	3711
103	3712
103	3717
103	3744
103	3747
103	3759
103	3798
104	177
104	2958
105	167
105	181
105	182
106	105
106	390
106	541
106	905
106	1231
106	2065
106	2365
106	2820
106	2883
107	134
107	338
107	716
107	783
107	821
107	822
107	980
107	1209
107	1348
107	1404
107	1505
107	1556
107	1581
107	1733
107	2749
107	2917
107	3086
107	3266
107	3392
107	3482
108	187
109	1501
109	2361
110	1108
110	1945
110	2088
110	2568
110	3780
111	541
111	1075
111	1302
111	1416
111	3179
113	1485
113	3667
115	77
115	557
115	1016
115	2076
115	3436
117	805
117	1191
117	1442
117	2179
117	2818
118	365
118	450
118	928
118	1341
118	2229
118	2812
118	3629
119	217
119	869
119	1138
121	1401
123	774
124	251
124	418
124	921
124	1039
124	1695
124	2244
124	3031
124	3309
125	1526
125	2791
128	327
129	3383
131	148
131	1739
131	2268
132	130
132	167
132	1015
132	2518
132	2860
132	2956
133	224
133	1242
135	248
135	294
135	427
135	801
135	1295
135	1468
135	1587
135	1850
135	2226
135	2376
135	2662
135	3261
135	3595
137	1315
137	1577
137	2603
137	3515
138	977
138	2463
138	2793
138	3435
140	22
140	482
144	1993
145	1215
146	842
146	2195
148	418
149	190
149	258
149	2997
151	899
151	1624
151	2080
151	3270
152	509
152	547
152	1458
152	1619
152	2132
152	2373
152	3117
152	3160
152	3716
153	131
153	1718
154	375
154	573
154	712
154	824
154	1847
154	2342
155	3017
156	331
156	381
156	586
156	1423
156	1721
156	2150
156	2334
156	2990
156	3130
156	3260
156	3380
156	3616
156	3665
157	998
157	2121
157	3646
158	280
160	559
160	1222
160	1901
160	3413
160	3627
160	3812
163	3247
165	60
165	171
165	256
165	457
165	529
165	559
165	678
165	877
165	1093
165	1229
165	1332
165	2634
165	2805
165	2824
165	3187
165	3247
165	3621
165	3795
167	3670
167	3698
168	314
168	503
171	1503
171	1837
171	3477
171	3554
172	30
172	43
172	76
172	123
172	174
172	199
172	326
172	373
172	421
172	582
172	721
172	732
172	1047
172	1053
172	1099
172	1236
172	1399
172	1489
172	1553
172	1590
172	1666
172	1683
172	1787
172	1801
172	1833
172	1850
172	2091
172	2143
172	2159
172	2181
172	2225
172	2253
172	2761
172	3040
172	3249
173	305
173	2144
174	189
174	3674
175	2004
177	313
177	617
180	670
180	943
180	1014
180	1960
180	2041
180	2594
180	3247
181	2917
184	110
184	393
184	448
184	1367
184	2130
184	3153
185	43
185	915
185	2471
185	3644
187	1727
188	1062
190	905
191	1131
191	3115
192	1541
193	3123
193	3799
194	800
196	3709
197	63
197	167
197	399
197	506
197	625
197	732
197	1388
197	2634
197	2643
197	2717
197	2914
197	2962
197	3163
197	3384
198	1199
198	3053
198	3160
199	862
199	2282
199	2457
199	3057
202	382
202	1846
202	3602
203	348
203	916
203	2105
203	2504
203	2794
203	3024
204	1150
204	2726
204	2935
205	1203
206	221
206	675
206	831
206	832
206	1172
206	1709
206	2121
206	2268
206	3039
206	3620
207	17
207	257
207	1365
207	2184
207	2447
209	405
209	2280
209	2382
210	824
210	1020
210	1574
210	2013
210	3347
210	3658
215	254
215	2571
215	3389
215	3658
216	6
216	539
216	1887
218	368
218	3193
220	434
220	439
225	385
226	659
226	2114
228	62
228	279
228	300
228	424
228	651
228	824
228	899
228	984
228	996
228	1183
228	1242
228	2812
228	2849
228	3347
228	3780
228	3791
229	1397
229	2538
229	3800
230	2900
232	1236
232	1242
232	2121
233	3
233	137
233	361
233	390
233	396
233	398
233	454
233	580
233	616
233	626
233	687
233	734
233	750
233	760
233	786
233	833
233	867
233	878
233	914
233	929
233	947
233	1038
233	1100
233	1153
233	1156
233	1227
233	1273
233	1431
233	1540
233	1556
233	1653
233	1676
233	1747
233	1795
233	1874
233	1895
233	1948
233	2022
233	2083
233	2090
233	2130
233	2145
233	2289
233	2395
233	2427
233	2488
233	2579
233	2744
233	2783
233	2816
233	2871
233	2888
233	2994
233	3019
233	3203
233	3263
233	3267
233	3296
233	3298
233	3378
233	3395
233	3486
233	3508
233	3546
233	3572
233	3609
233	3675
233	3729
234	446
235	1103
235	1629
235	1768
235	1817
235	1941
235	3368
235	3420
236	32
236	56
238	501
238	2629
240	1590
241	979
241	2962
242	468
242	741
242	939
242	1754
242	2567
243	418
243	1648
243	2051
243	3666
244	470
244	2635
246	8
246	24
246	57
246	61
246	64
246	132
246	150
246	169
246	182
246	195
246	240
246	328
246	352
246	357
246	369
246	389
246	397
246	407
246	411
246	445
246	458
246	508
246	519
246	525
246	532
246	542
246	575
246	592
246	605
246	643
246	671
246	681
246	692
246	704
246	712
246	732
246	761
246	763
246	769
246	796
246	799
246	805
246	819
246	872
246	877
246	933
246	991
246	1019
246	1024
246	1032
246	1033
246	1086
246	1088
246	1092
246	1103
246	1151
246	1153
246	1157
246	1167
246	1176
246	1196
246	1234
246	1238
246	1254
246	1266
246	1272
246	1278
246	1282
246	1295
246	1304
246	1315
246	1317
246	1339
246	1360
246	1395
246	1411
246	1413
246	1458
246	1459
246	1473
246	1514
246	1525
246	1526
246	1529
246	1532
246	1568
246	1579
246	1585
246	1624
246	1627
246	1637
246	1655
246	1703
246	1717
246	1776
246	1796
246	1823
246	1827
246	1829
246	1841
246	1861
246	1867
246	1880
246	1898
246	1905
246	1928
246	1950
246	1962
246	1969
246	1981
246	1985
246	1990
246	1997
246	2005
246	2043
246	2065
246	2094
246	2096
246	2124
246	2126
246	2215
246	2216
246	2219
246	2231
246	2238
246	2239
246	2240
246	2244
246	2294
246	2297
246	2319
246	2320
246	2327
246	2345
246	2365
246	2366
246	2370
246	2401
246	2407
246	2410
246	2412
246	2424
246	2439
246	2450
246	2458
246	2466
246	2550
246	2566
246	2593
246	2623
246	2647
246	2662
246	2666
246	2667
246	2675
246	2742
246	2760
246	2772
246	2780
246	2790
246	2800
246	2812
246	2822
246	2852
246	2881
246	2884
246	2885
246	2891
246	2897
246	2901
246	2904
246	2910
246	2929
246	2937
246	2973
246	3021
246	3038
246	3042
246	3060
246	3061
246	3067
246	3077
246	3082
246	3092
246	3114
246	3130
246	3145
246	3162
246	3172
246	3193
246	3224
246	3230
246	3250
246	3255
246	3256
246	3259
246	3269
246	3295
246	3314
246	3348
246	3356
246	3371
246	3393
246	3397
246	3410
246	3417
246	3461
246	3469
246	3480
246	3482
246	3548
246	3550
246	3575
246	3584
246	3593
246	3611
246	3616
246	3628
246	3669
246	3701
246	3714
246	3723
246	3739
246	3763
246	3773
246	3783
246	3799
246	3802
246	3812
247	2570
247	3130
249	919
249	2081
250	516
251	2430
251	2518
252	285
252	534
252	1136
252	1906
252	1950
252	2055
252	2103
252	3463
252	3714
253	482
253	968
253	987
253	1029
253	1265
253	1266
253	1498
253	2974
253	3038
253	3800
254	1323
254	1541
254	2800
255	167
255	913
255	1126
256	491
256	966
256	1133
256	1309
256	3400
258	237
258	1081
258	1360
258	1443
258	1470
258	3143
258	3206
261	1325
262	2865
262	3799
263	2789
263	2924
264	1044
265	663
265	1332
266	3712
268	37
268	574
268	622
268	1548
268	3804
269	336
269	1633
269	1752
269	3122
270	2388
271	911
271	2949
272	1030
272	1578
274	778
274	2105
274	2720
274	2821
274	3633
275	1215
275	2447
276	1915
277	56
277	562
277	737
277	831
277	915
277	1050
277	1752
277	2311
277	2786
277	3342
277	3492
278	3217
278	3420
278	3432
280	555
280	903
280	1348
281	2893
282	71
282	721
282	3725
283	543
283	568
283	1950
283	2195
283	2842
285	1304
285	1311
286	257
286	354
286	713
286	741
286	1051
286	1904
286	2800
288	806
288	3419
291	3479
293	88
293	354
293	371
293	582
293	1713
293	2223
293	3648
294	608
294	901
294	2043
294	2146
294	2384
294	3404
295	1830
295	2326
296	417
297	768
297	1823
297	1984
298	46
298	2632
299	2155
301	197
301	459
301	2739
301	3047
302	2039
303	844
303	1108
303	2670
303	2989
303	3347
304	685
307	591
307	2447
307	2749
311	3467
313	3509
314	2457
315	3760
316	335
316	1821
316	3027
316	3273
317	574
317	650
317	2601
319	27
319	808
319	1405
319	3776
320	1360
320	1443
321	1285
321	1990
322	665
322	1820
322	2173
322	2181
322	2219
322	3255
324	141
324	482
324	1138
324	1722
324	1834
325	1012
325	1146
325	2695
325	3661
328	24
328	154
328	548
328	1226
328	1233
328	1823
328	2601
328	2810
328	3133
329	618
329	1426
330	35
330	1172
330	1404
330	2198
330	2207
330	2479
330	3446
332	1417
332	2614
336	124
336	307
336	1633
336	2613
337	2463
338	611
338	1217
338	3662
340	616
341	26
341	611
341	947
341	1987
342	297
342	3054
343	2320
343	3554
344	1626
344	2204
344	2292
345	435
345	621
345	913
347	525
347	1020
347	1732
347	1916
347	1990
347	2039
347	2053
347	2170
347	3021
347	3152
347	3455
347	3689
348	108
348	705
348	1773
348	2144
348	2344
348	2786
348	3021
348	3137
348	3442
348	3763
348	3780
349	450
349	599
349	896
349	968
349	989
349	991
349	1041
349	1105
349	1141
349	1539
349	1769
349	1837
349	1903
349	2000
349	2037
349	2209
349	2395
349	2493
349	2695
349	2774
349	2815
349	2850
349	2875
349	2912
349	2929
349	3158
349	3299
349	3412
350	1303
351	1151
351	3132
352	1594
353	2315
353	3132
354	629
355	1145
355	1425
358	103
358	594
358	619
358	795
358	1350
358	1404
359	212
359	1885
359	2756
359	3356
360	1607
360	1730
360	1769
360	2463
360	2495
360	3226
361	2766
362	2170
362	2764
363	548
363	1468
363	1537
363	1876
363	1910
363	1942
363	2070
364	641
364	805
368	1975
370	831
370	947
370	1658
371	276
371	1404
371	1802
371	2383
371	2767
372	116
372	1850
372	2538
372	3180
372	3572
372	3633
372	3671
373	3053
375	299
375	345
375	2247
375	2282
375	2328
376	150
376	407
376	3468
378	790
378	1885
378	2714
378	2951
378	3021
378	3099
380	725
381	518
381	741
381	1158
381	3241
383	67
383	740
383	845
383	910
383	947
383	1581
383	1982
383	2605
383	2720
383	2820
383	2862
383	2945
383	3797
384	87
384	265
384	1848
384	3724
385	154
385	185
385	658
385	720
385	840
385	2784
386	87
386	1754
387	1868
387	2862
388	825
389	34
389	837
389	1501
389	3391
390	282
390	2036
390	2820
391	72
391	126
391	325
391	776
391	841
391	1138
391	1555
391	2004
391	2214
391	2288
391	2694
391	3440
391	3660
391	3750
393	714
394	77
394	580
394	968
394	1141
394	1333
394	2004
394	2356
394	3045
395	2622
397	3152
398	242
398	1095
398	1483
399	4
399	1083
399	1870
399	2990
401	3267
402	1497
402	3234
403	152
403	212
403	1138
403	1547
405	145
405	480
405	658
405	684
405	686
405	1199
405	1285
405	1381
405	2080
405	2413
405	3233
405	3662
405	3700
406	607
406	2568
408	1151
408	1212
408	1876
408	2851
408	3097
408	3325
409	2018
409	3420
409	3547
410	1026
410	1191
410	1695
410	2079
410	3296
412	1311
413	1070
413	1138
413	2681
413	3793
414	1590
414	3664
416	51
416	1870
416	2173
416	2272
416	2962
417	3585
417	3632
418	325
418	575
418	1138
418	1945
419	23
419	775
419	1904
420	114
420	481
420	868
420	2246
420	2266
420	2511
420	2771
420	3732
421	175
421	1236
421	1367
421	3340
421	3392
423	2474
423	2679
423	3217
424	3461
426	3067
426	3551
427	3385
428	3157
428	3170
429	685
429	1256
429	2760
429	2817
429	3152
432	1817
432	3118
432	3585
433	573
433	1409
433	2382
433	3558
435	252
435	499
435	1299
435	2531
435	2771
435	3018
435	3489
436	1401
436	1531
437	1121
437	1577
437	2997
438	1860
439	83
439	241
439	643
439	954
439	1038
439	1090
439	1227
439	1537
439	1629
439	2023
439	2594
439	2642
439	2681
439	2891
439	2941
439	3217
439	3251
439	3325
439	3403
439	3412
439	3461
439	3646
440	1973
440	2361
440	3709
440	3796
442	559
442	3247
443	2438
443	3201
444	793
445	1886
448	77
448	462
448	1490
448	2514
448	2605
450	19
450	92
450	304
450	474
451	1952
452	573
452	1125
452	1910
453	131
453	1369
455	1002
455	1787
456	1033
463	826
463	1204
464	386
464	1695
464	2394
467	1614
467	3242
468	479
468	2666
471	238
471	1136
471	1993
471	2570
471	3022
472	116
472	317
472	992
472	1503
472	2190
472	2776
474	1116
474	1910
474	3613
477	1831
478	966
478	2135
478	2528
478	2863
478	2936
481	858
481	1139
481	1330
482	569
482	1665
482	2555
482	3221
482	3551
482	3728
483	1301
483	3321
484	157
484	1082
484	2096
485	1643
485	2654
487	529
487	3709
490	202
490	1015
490	2956
491	924
492	3531
493	287
493	607
493	2632
495	776
495	3338
497	305
497	1126
497	2755
497	3683
499	2514
503	824
503	1381
503	2475
503	3270
505	3267
506	1579
507	1426
507	2546
507	2949
509	58
509	69
509	1348
509	2668
509	3035
509	3749
511	238
511	3045
511	3136
511	3299
513	189
513	1440
513	1848
513	2130
513	2552
513	2637
514	557
514	1471
515	271
515	968
515	1064
515	2908
516	918
516	2251
516	2584
516	3372
519	980
519	1109
519	1161
519	3400
521	63
521	267
521	418
521	723
521	1314
521	2538
521	2601
521	2743
521	3031
521	3160
521	3733
522	2266
522	2401
522	2912
523	100
523	457
523	473
523	2170
525	0
525	196
525	333
525	799
525	920
525	1229
525	1541
525	1773
525	1950
525	2159
525	2279
525	2426
525	2431
525	2867
525	2952
525	3240
525	3358
525	3413
525	3515
525	3777
525	3810
528	137
528	1176
528	1767
528	2860
528	2884
528	2901
529	357
529	1311
529	1462
529	2209
529	2401
529	2411
529	2521
530	2464
532	940
532	1547
532	1981
534	56
534	242
534	1005
534	1184
534	1274
534	2914
535	1801
535	2801
535	3040
535	3790
536	179
536	2137
536	3206
537	955
537	1577
537	2242
537	2415
538	2053
541	77
541	2881
541	2921
542	366
542	979
542	1093
542	3217
542	3238
546	508
546	2717
547	1315
547	2358
551	493
551	1647
552	1083
553	536
553	1050
553	1566
553	2771
553	3283
555	407
555	1945
556	1809
557	2659
558	1426
558	3482
558	3562
559	213
559	251
559	1535
559	3288
559	3295
562	2360
564	3275
564	3803
565	217
565	3069
566	2735
567	678
567	1024
570	1053
570	1088
570	1177
570	3472
571	1596
571	3300
572	70
572	579
572	1591
572	1731
572	2809
572	3018
572	3408
573	26
573	37
573	71
573	72
573	148
573	184
573	221
573	228
573	318
573	342
573	353
573	370
573	393
573	418
573	433
573	464
573	470
573	531
573	603
573	619
573	627
573	640
573	784
573	796
573	808
573	812
573	821
573	827
573	853
573	921
573	923
573	937
573	1020
573	1081
573	1088
573	1170
573	1178
573	1200
573	1208
573	1235
573	1267
573	1281
573	1311
573	1320
573	1332
573	1365
573	1368
573	1430
573	1436
573	1466
573	1472
573	1483
573	1594
573	1600
573	1628
573	1654
573	1838
573	1850
573	1855
573	1875
573	1920
573	1921
573	1941
573	1979
573	1984
573	2009
573	2047
573	2050
573	2061
573	2076
573	2080
573	2120
573	2135
573	2150
573	2188
573	2198
573	2203
573	2272
573	2274
573	2283
573	2284
573	2294
573	2298
573	2343
573	2375
573	2382
573	2416
573	2514
573	2542
573	2607
573	2616
573	2624
573	2642
573	2672
573	2694
573	2752
573	2767
573	2788
573	2795
573	2833
573	2856
573	2859
573	2866
573	2869
573	2975
573	2994
573	3013
573	3074
573	3087
573	3103
573	3117
573	3183
573	3190
573	3191
573	3232
573	3297
573	3349
573	3373
573	3399
573	3402
573	3462
573	3584
573	3586
573	3678
573	3690
573	3712
573	3731
573	3734
573	3770
573	3774
573	3796
573	3812
575	1250
579	673
579	903
582	261
582	511
582	1023
582	1130
582	2728
582	3327
582	3509
582	3785
582	3796
584	1145
584	1483
584	1817
584	3554
585	913
586	2974
588	2282
588	2914
589	3632
590	1126
590	1191
590	1870
590	2079
590	2447
590	3563
591	1123
591	2015
592	1226
592	2181
593	110
593	485
593	3554
593	3683
594	1037
597	1695
598	26
598	51
598	61
598	132
598	134
598	174
598	178
598	184
598	262
598	318
598	371
598	394
598	418
598	427
598	519
598	525
598	531
598	542
598	589
598	591
598	673
598	684
598	685
598	696
598	706
598	708
598	725
598	796
598	844
598	847
598	914
598	962
598	1044
598	1052
598	1057
598	1068
598	1069
598	1088
598	1138
598	1192
598	1198
598	1215
598	1234
598	1267
598	1277
598	1356
598	1358
598	1430
598	1447
598	1547
598	1549
598	1572
598	1579
598	1616
598	1617
598	1675
598	1725
598	1750
598	1778
598	1803
598	1805
598	1809
598	1885
598	1925
598	1939
598	1989
598	2031
598	2095
598	2110
598	2114
598	2119
598	2126
598	2135
598	2164
598	2182
598	2194
598	2204
598	2231
598	2253
598	2270
598	2293
598	2391
598	2459
598	2474
598	2639
598	2700
598	2756
598	2807
598	2821
598	2828
598	2830
598	2839
598	2864
598	2865
598	2869
598	2892
598	2904
598	2949
598	3021
598	3023
598	3154
598	3167
598	3180
598	3212
598	3224
598	3239
598	3301
598	3305
598	3348
598	3356
598	3367
598	3384
598	3432
598	3440
598	3441
598	3452
598	3484
598	3549
598	3613
598	3624
598	3626
598	3635
598	3659
598	3677
598	3688
598	3757
598	3765
598	3795
599	1025
599	1481
599	3541
600	807
600	3202
602	3520
603	1057
603	1457
603	1508
603	2123
604	3528
605	2458
606	1184
606	1539
606	2364
606	2394
606	2824
606	3118
606	3225
606	3445
607	737
607	792
607	2616
610	1831
611	1817
612	1629
612	1817
612	2785
612	2901
612	3420
613	1552
613	1629
613	3247
613	3423
616	431
616	950
616	1319
616	1365
616	1491
616	1667
616	2823
616	3252
616	3440
616	3727
617	1020
617	1044
617	1276
617	1532
617	2016
617	2086
617	2728
617	3513
618	12
618	415
618	1364
618	2211
618	2246
618	3144
618	3493
619	262
619	287
619	501
619	528
619	1169
619	1542
619	1939
619	1950
619	2511
619	2617
619	2723
619	3045
619	3193
619	3323
619	3420
620	64
620	2174
622	237
622	1145
622	1317
622	1425
622	2351
624	389
624	1242
625	35
625	930
625	1026
625	2332
626	1076
628	3054
628	3525
629	1047
629	2187
629	2881
630	620
630	1084
630	3573
631	1138
631	2444
632	1215
633	1911
633	3709
635	2301
635	2632
637	643
637	825
637	1098
637	1735
638	827
639	1128
639	2820
642	3643
646	1654
647	277
647	752
647	1175
647	3162
648	2986
648	3420
648	3585
649	2573
650	810
650	3220
651	751
651	1665
651	2771
652	536
652	824
653	1146
654	132
654	2076
654	2533
654	3280
654	3362
655	1875
655	3031
655	3600
656	3005
657	940
658	1225
658	2131
658	2948
659	1203
659	1820
659	2083
660	53
660	356
660	1149
660	3659
661	37
661	883
661	2451
661	2562
662	2209
662	2475
663	85
663	737
663	2997
664	3699
665	800
665	978
665	2301
665	3614
667	484
667	2538
667	3193
667	3585
668	2004
668	3201
669	1703
669	2037
669	2086
669	2103
669	2966
669	3661
670	1578
672	33
672	1173
672	1317
672	2632
673	4
673	188
673	3247
673	3648
674	1512
674	2756
675	1331
676	581
676	1320
677	137
677	724
677	1102
677	1677
677	2240
677	3568
677	3602
678	107
678	404
678	708
678	709
678	1051
678	1618
678	1875
678	1902
678	1978
678	2191
678	2527
678	3167
678	3705
678	3709
679	81
679	540
679	1422
680	1332
682	921
682	3090
685	280
685	1623
685	2284
685	2654
685	2763
685	2808
688	3203
690	6
690	46
690	403
690	1290
690	1574
690	2433
690	3242
690	3299
693	2202
693	2413
694	3750
696	233
696	682
696	826
696	923
697	225
697	267
697	1058
697	1399
697	2333
697	2545
697	2714
697	3101
698	2613
698	3399
699	837
699	1962
700	35
700	128
701	1817
701	2091
702	111
702	623
702	1258
702	1535
702	2091
703	1356
703	1817
703	1830
703	2272
703	2865
703	3441
704	1850
704	2900
704	3155
705	1481
705	3042
705	3594
706	300
707	1024
707	1032
707	2897
708	1532
708	2853
709	3625
710	824
710	1362
710	1448
710	1539
710	1657
710	1864
710	2919
711	468
711	1046
711	1847
711	2417
711	2694
711	3547
717	1381
717	2109
717	2805
718	989
718	2326
724	1620
726	286
726	1545
726	3396
727	343
727	503
727	587
727	1801
727	3685
728	2246
731	1214
731	3727
733	1169
733	1296
735	122
735	381
735	989
736	1656
737	1567
737	2489
737	2509
738	2743
738	3119
740	844
740	1733
740	2723
740	3692
747	2343
751	276
751	293
751	1023
751	1402
751	1454
751	2070
755	956
756	2449
759	212
759	1885
759	2153
759	3021
760	1230
760	1616
760	2268
760	2630
762	77
762	191
762	234
762	540
762	954
762	1235
762	1331
762	2307
762	3307
762	3386
762	3662
763	1325
764	366
764	456
764	3725
765	1085
765	1653
765	1763
765	1879
765	2854
765	2937
765	3712
766	1175
766	1331
766	1537
766	2207
766	3413
767	120
767	719
767	1897
768	2985
769	130
769	172
769	214
769	237
769	355
769	783
769	795
769	1227
769	1905
769	2206
769	2292
769	2837
769	2858
769	2882
769	3379
769	3664
770	137
770	1805
770	2049
770	2176
770	2182
770	2723
770	3021
770	3367
770	3529
770	3765
770	3778
771	2891
771	3162
773	12
773	34
773	311
773	357
773	757
773	805
773	989
773	1041
773	1217
773	1385
773	1602
773	1614
773	1672
773	1749
773	1884
773	1948
773	2161
773	3042
773	3315
773	3412
773	3575
773	3633
774	2064
774	2744
774	3057
774	3366
775	2900
776	1050
776	1902
776	3397
777	151
777	312
777	355
777	559
777	2170
777	2462
777	3300
778	447
780	182
780	370
780	1509
780	2108
780	2929
783	723
783	3356
785	321
785	355
785	454
785	503
785	694
785	1767
785	2881
785	3341
785	3363
785	3556
785	3585
785	3632
786	1503
786	1611
786	1974
786	2078
786	3032
786	3393
786	3784
788	1826
789	972
789	1333
791	2859
791	3554
791	3805
792	469
792	1121
792	3598
793	152
793	1074
793	1293
793	1361
793	1506
793	2990
793	3595
793	3769
794	122
794	3221
795	1977
795	3443
797	1191
797	3296
797	3509
798	2883
800	1230
802	314
802	1938
802	2329
802	2760
803	2487
803	2887
804	903
804	1082
804	1345
804	1727
804	1867
804	2796
804	2942
804	3289
804	3393
804	3680
808	3421
809	643
809	873
809	3634
810	63
810	1756
812	450
812	493
812	1244
812	2812
814	1283
817	555
818	1469
818	2505
818	2596
819	1942
820	2347
821	2465
821	3648
822	599
822	2163
824	836
824	1994
824	3535
825	928
825	1992
825	3382
826	122
826	2457
827	2202
828	44
828	812
828	1464
828	1465
828	1571
828	1635
828	2955
828	3175
828	3553
830	128
832	400
832	2737
833	1111
834	2100
836	2340
838	1285
838	1702
838	1753
838	2990
838	3357
839	1690
839	1818
839	1908
839	3179
839	3187
840	2937
841	645
841	650
841	821
841	2096
841	3147
841	3585
843	2842
843	3461
843	3802
844	145
844	1648
844	2161
846	379
846	1606
848	328
848	1622
848	1643
848	2136
848	2158
848	2551
848	2680
848	2883
849	3029
849	3220
850	20
850	145
850	154
850	192
850	366
850	597
850	915
850	1320
850	1641
850	2022
850	2131
850	2439
850	2504
850	2673
850	3030
850	3224
850	3349
850	3435
850	3499
850	3814
851	128
851	355
851	614
851	896
851	957
851	1157
851	1166
851	1316
851	1847
851	1868
851	2244
851	2757
851	2768
851	3160
851	3234
851	3239
851	3291
851	3656
852	1879
852	3550
853	1514
853	1938
854	3316
856	1236
856	1662
856	1763
856	2166
857	72
857	2458
857	3786
858	905
858	2630
859	110
859	1975
859	3420
860	2786
864	1180
864	3321
866	414
866	559
866	1088
866	2366
866	3132
867	3009
867	3030
867	3620
868	1539
869	541
869	1814
869	2507
870	2871
870	3167
871	2672
872	3438
872	3613
873	1841
874	1175
874	1548
874	3500
875	56
875	195
875	2796
875	2989
877	338
877	620
877	1627
878	1555
879	1415
879	2815
880	2308
880	3463
881	17
881	160
881	2362
881	2492
881	3736
883	427
883	599
883	1459
884	3369
884	3786
885	63
885	116
885	2392
885	2533
885	3774
886	2246
886	3750
887	3740
888	1578
888	3600
891	645
891	1108
891	1457
891	1629
891	1829
891	2320
891	2941
891	3504
891	3585
892	1381
892	2961
894	19
894	485
894	1222
894	1567
894	3217
895	1908
896	186
896	1151
896	1645
896	1900
896	2253
896	2643
896	2796
896	3145
896	3238
896	3677
899	299
900	731
902	2401
902	2794
904	3220
907	334
907	1355
907	2269
908	1143
908	2699
908	3753
910	109
910	557
910	574
910	660
910	1011
910	1149
910	2008
910	2189
910	2880
910	3103
910	3183
913	1735
913	3160
914	63
914	1475
914	2049
914	2547
915	195
915	2760
916	3623
917	3127
918	9
919	392
921	2555
921	3171
923	314
923	737
923	2320
923	2335
925	938
925	1275
925	1459
925	2382
925	2462
926	374
926	735
926	785
926	1370
926	2339
926	2750
927	482
927	3018
927	3356
928	171
928	2528
929	2743
929	3806
931	1850
931	2186
931	3567
932	610
932	912
932	1376
932	1563
932	1834
932	3803
933	98
934	980
934	1712
934	2031
934	2311
934	2632
936	176
937	26
937	48
937	60
937	62
937	76
937	91
937	98
937	134
937	175
937	184
937	191
937	244
937	262
937	269
937	282
937	286
937	291
937	314
937	340
937	350
937	374
937	383
937	388
937	405
937	417
937	429
937	433
937	435
937	456
937	457
937	467
937	481
937	482
937	529
937	552
937	561
937	569
937	591
937	601
937	606
937	610
937	611
937	617
937	621
937	629
937	634
937	644
937	645
937	654
937	655
937	661
937	671
937	701
937	710
937	738
937	747
937	749
937	771
937	782
937	812
937	821
937	833
937	837
937	852
937	854
937	862
937	863
937	869
937	874
937	887
937	893
937	899
937	912
937	945
937	949
937	955
937	957
937	972
937	976
937	984
937	997
937	1000
937	1020
937	1036
937	1053
937	1066
937	1085
937	1108
937	1111
937	1112
937	1126
937	1129
937	1145
937	1193
937	1203
937	1206
937	1211
937	1236
937	1264
937	1308
937	1322
937	1333
937	1336
937	1338
937	1341
937	1346
937	1348
937	1359
937	1374
937	1383
937	1391
937	1392
937	1404
937	1423
937	1425
937	1442
937	1468
937	1483
937	1492
937	1500
937	1516
937	1521
937	1531
937	1533
937	1574
937	1588
937	1590
937	1593
937	1613
937	1637
937	1644
937	1653
937	1661
937	1668
937	1669
937	1675
937	1717
937	1723
937	1742
937	1746
937	1753
937	1757
937	1770
937	1771
937	1805
937	1812
937	1814
937	1820
937	1833
937	1835
937	1845
937	1858
937	1873
937	1881
937	1899
937	1904
937	1922
937	1924
937	1932
937	1962
937	1986
937	1991
937	2020
937	2037
937	2043
937	2058
937	2068
937	2098
937	2106
937	2111
937	2122
937	2127
937	2131
937	2160
937	2171
937	2182
937	2283
937	2301
937	2313
937	2319
937	2320
937	2338
937	2344
937	2362
937	2365
937	2366
937	2376
937	2392
937	2394
937	2402
937	2413
937	2414
937	2430
937	2451
937	2456
937	2457
937	2474
937	2509
937	2516
937	2528
937	2596
937	2597
937	2598
937	2607
937	2609
937	2623
937	2627
937	2629
937	2632
937	2650
937	2669
937	2700
937	2715
937	2720
937	2756
937	2766
937	2804
937	2809
937	2818
937	2836
937	2845
937	2870
937	2871
937	2893
937	2899
937	2900
937	2902
937	2922
937	2925
937	2939
937	2949
937	2953
937	3017
937	3021
937	3054
937	3079
937	3095
937	3102
937	3116
937	3118
937	3128
937	3136
937	3144
937	3152
937	3157
937	3162
937	3172
937	3175
937	3180
937	3193
937	3202
937	3203
937	3207
937	3225
937	3245
937	3286
937	3295
937	3297
937	3303
937	3330
937	3337
937	3338
937	3343
937	3363
937	3374
937	3384
937	3405
937	3417
937	3428
937	3446
937	3457
937	3466
937	3484
937	3492
937	3517
937	3536
937	3545
937	3546
937	3548
937	3549
937	3552
937	3554
937	3571
937	3578
937	3626
937	3642
937	3647
937	3664
937	3686
937	3696
937	3697
937	3699
937	3713
937	3725
937	3763
937	3765
937	3788
937	3814
939	1794
939	3547
941	1171
941	2447
941	2754
942	1045
944	3768
945	1696
945	1969
945	2605
947	2171
948	217
948	1351
948	1748
949	63
950	143
950	2836
950	3420
951	573
951	1191
951	1871
951	2079
953	989
953	1191
953	2205
953	2540
955	362
955	919
955	1922
955	3021
955	3273
955	3327
956	2746
958	1862
959	1532
959	1708
959	1891
959	2197
959	2417
959	2694
961	1713
961	3282
962	1306
963	910
963	1519
964	2463
966	387
966	683
966	694
966	916
966	1059
966	2049
966	2096
966	3321
967	1129
971	2075
971	2080
974	387
974	1721
974	1805
974	2630
974	2711
974	3120
975	112
975	145
975	1162
975	1278
975	1915
975	2234
975	2990
975	3012
975	3095
975	3187
975	3554
976	2526
976	3656
977	3642
979	762
979	2497
979	3682
979	3778
984	701
987	765
987	2576
987	3226
990	662
990	2584
990	3259
991	137
991	325
991	1202
991	1337
991	1777
992	635
992	1468
994	3216
994	3637
997	4
997	333
997	3216
998	1025
998	1212
999	1057
999	2038
999	2872
1000	407
1000	3540
1001	557
1001	1754
1001	1852
1001	3230
1003	997
1003	2079
1003	3040
1003	3792
1004	2738
1004	3100
1005	1032
1005	1531
1005	1584
1005	1767
1007	241
1007	457
1007	646
1007	957
1007	1207
1007	1496
1008	420
1008	694
1008	869
1008	1989
1008	2642
1008	2941
1008	3162
1008	3508
1009	1339
1009	1453
1009	1629
1009	1666
1009	1690
1009	2121
1009	2320
1009	2653
1009	2844
1009	2933
1009	3535
1009	3623
1010	248
1010	985
1011	736
1011	962
1012	446
1012	1821
1012	1822
1012	3074
1014	889
1014	1085
1014	1928
1014	2430
1015	1253
1015	2202
1015	2362
1015	3123
1016	3725
1017	1072
1020	397
1020	3585
1022	314
1022	2859
1022	3683
1023	227
1023	1695
1023	3409
1026	1079
1027	1419
1027	2469
1028	996
1028	1421
1028	2700
1028	2714
1028	2900
1031	179
1031	2091
1032	387
1032	3507
1033	288
1033	1278
1033	1347
1033	2551
1033	2879
1033	3042
1033	3577
1034	2630
1035	1532
1035	2092
1035	2191
1035	3014
1037	657
1037	1685
1037	3187
1038	1773
1038	1808
1038	2703
1038	3105
1040	1125
1040	1601
1040	2413
1040	3045
1041	2563
1042	1213
1042	3006
1042	3111
1044	950
1045	899
1045	1330
1045	1609
1045	2181
1045	2495
1045	2735
1045	2767
1045	2805
1045	2875
1045	3592
1047	1175
1047	2601
1047	3172
1048	305
1048	446
1048	1304
1048	1606
1048	1999
1048	3778
1049	1406
1049	1752
1049	2432
1051	215
1051	2263
1051	2902
1051	2921
1051	3105
1054	1296
1054	1327
1054	1787
1054	2854
1056	1498
1056	1760
1057	1169
1057	1890
1057	3312
1060	49
1060	660
1061	319
1061	656
1061	2721
1062	2515
1062	2798
1062	3595
1063	1938
1063	1941
1063	3662
1064	371
1065	942
1065	1526
1065	1977
1065	2419
1065	3302
1065	3468
1065	3764
1066	343
1066	681
1066	1229
1066	1466
1066	1606
1066	1732
1066	2245
1066	2744
1066	2780
1066	3168
1069	580
1069	3777
1070	1731
1070	3467
1071	2805
1072	442
1072	1190
1072	1385
1072	2023
1072	2355
1072	3265
1074	1964
1074	2189
1075	151
1075	1085
1075	2300
1075	3633
1077	2307
1077	3162
1078	2812
1080	1002
1080	1601
1080	1627
1080	1817
1080	1938
1080	2133
1080	2723
1080	3432
1082	1041
1082	1578
1082	1602
1082	2135
1085	717
1085	1059
1085	2223
1085	2648
1085	2771
1088	152
1088	1039
1088	1657
1088	2639
1089	132
1091	11
1091	16
1091	24
1091	34
1091	37
1091	79
1091	93
1091	125
1091	168
1091	176
1091	182
1091	221
1091	306
1091	314
1091	318
1091	341
1091	352
1091	402
1091	417
1091	418
1091	480
1091	489
1091	501
1091	511
1091	519
1091	530
1091	541
1091	548
1091	579
1091	599
1091	609
1091	641
1091	657
1091	663
1091	702
1091	746
1091	752
1091	863
1091	884
1091	886
1091	889
1091	890
1091	896
1091	950
1091	967
1091	993
1091	1015
1091	1034
1091	1035
1091	1070
1091	1081
1091	1085
1091	1088
1091	1165
1091	1181
1091	1247
1091	1278
1091	1281
1091	1340
1091	1347
1091	1352
1091	1355
1091	1379
1091	1380
1091	1401
1091	1411
1091	1451
1091	1481
1091	1490
1091	1526
1091	1543
1091	1545
1091	1552
1091	1556
1091	1560
1091	1577
1091	1600
1091	1626
1091	1633
1091	1645
1091	1663
1091	1734
1091	1745
1091	1749
1091	1752
1091	1819
1091	1843
1091	1851
1091	1904
1091	1941
1091	2027
1091	2035
1091	2037
1091	2040
1091	2042
1091	2068
1091	2079
1091	2121
1091	2143
1091	2161
1091	2165
1091	2174
1091	2177
1091	2196
1091	2198
1091	2207
1091	2217
1091	2244
1091	2259
1091	2272
1091	2290
1091	2295
1091	2306
1091	2343
1091	2354
1091	2358
1091	2418
1091	2430
1091	2442
1091	2447
1091	2450
1091	2474
1091	2480
1091	2514
1091	2518
1091	2538
1091	2545
1091	2546
1091	2557
1091	2569
1091	2598
1091	2623
1091	2624
1091	2677
1091	2683
1091	2718
1091	2735
1091	2760
1091	2813
1091	2836
1091	2840
1091	2865
1091	2897
1091	2912
1091	2937
1091	2982
1091	3037
1091	3068
1091	3074
1091	3085
1091	3092
1091	3103
1091	3108
1091	3138
1091	3161
1091	3174
1091	3187
1091	3201
1091	3219
1091	3248
1091	3273
1091	3298
1091	3310
1091	3325
1091	3372
1091	3375
1091	3390
1091	3400
1091	3402
1091	3487
1091	3532
1091	3547
1091	3557
1091	3570
1091	3632
1091	3661
1091	3665
1091	3691
1091	3696
1091	3750
1091	3762
1091	3787
1092	2209
1093	863
1093	2685
1094	1995
1096	3520
1097	614
1097	1764
1100	753
1106	381
1106	1564
1106	1884
1106	2990
1106	3608
1107	2136
1107	2839
1107	3488
1108	195
1108	752
1108	1041
1108	1458
1108	1633
1108	1663
1108	1779
1108	2295
1108	2538
1108	2585
1108	2901
1108	3117
1108	3320
1108	3409
1108	3633
1108	3729
1110	684
1110	2366
1112	179
1112	3550
1112	3723
1113	2114
1113	2872
1113	2951
1113	3180
1113	3529
1113	3595
1118	26
1118	50
1118	361
1118	387
1118	517
1118	1574
1118	2382
1118	2421
1118	2695
1118	3011
1118	3270
1118	3658
1119	1574
1119	3267
1122	360
1123	3631
1124	174
1124	2758
1124	2854
1126	2038
1126	2812
1126	3216
1126	3222
1126	3394
1126	3439
1129	4
1129	261
1129	694
1129	3464
1129	3549
1129	3625
1132	1175
1134	1656
1134	3079
1138	1481
1138	2538
1138	2796
1138	3187
1139	1145
1139	1942
1139	2265
1143	1296
1143	1608
1143	3648
1145	2735
1145	3796
1146	841
1146	1030
1146	1509
1146	1666
1146	3297
1147	109
1147	1383
1147	1750
1147	3045
1148	172
1149	1648
1150	19
1150	366
1150	2504
1151	607
1151	679
1151	1315
1151	1483
1151	3236
1151	3696
1152	1234
1152	2247
1152	2545
1152	3602
1153	559
1153	1277
1153	1381
1153	1520
1153	1619
1153	3031
1153	3179
1154	2439
1154	3688
1155	1554
1155	3069
1155	3129
1155	3166
1156	483
1156	734
1156	1314
1156	2468
1156	2610
1156	2778
1156	3490
1157	1696
1157	1739
1158	2941
1158	3529
1158	3815
1161	4
1161	579
1161	660
1161	801
1161	999
1161	1019
1161	1304
1161	1627
1161	1787
1161	1854
1161	2174
1161	2277
1161	2324
1161	2349
1161	2528
1161	2758
1161	2854
1161	3399
1162	168
1163	2471
1163	2845
1164	681
1164	2053
1164	2213
1164	2296
1166	2865
1166	3664
1167	2574
1168	48
1168	75
1168	1789
1168	2170
1169	1795
1169	2043
1169	2940
1169	2965
1170	1448
1171	246
1171	3044
1172	647
1172	1748
1174	1648
1174	2290
1175	19
1175	22
1175	28
1175	131
1175	188
1175	229
1175	248
1175	287
1175	302
1175	314
1175	394
1175	400
1175	467
1175	509
1175	547
1175	548
1175	559
1175	587
1175	643
1175	667
1175	675
1175	679
1175	685
1175	694
1175	756
1175	771
1175	778
1175	857
1175	867
1175	869
1175	918
1175	922
1175	941
1175	943
1175	944
1175	955
1175	1005
1175	1036
1175	1062
1175	1063
1175	1076
1175	1093
1175	1103
1175	1127
1175	1151
1175	1216
1175	1222
1175	1227
1175	1296
1175	1309
1175	1311
1175	1329
1175	1368
1175	1369
1175	1380
1175	1399
1175	1412
1175	1423
1175	1449
1175	1452
1175	1457
1175	1466
1175	1476
1175	1521
1175	1537
1175	1547
1175	1596
1175	1640
1175	1686
1175	1695
1175	1707
1175	1884
1175	1888
1175	1911
1175	1947
1175	1948
1175	2011
1175	2012
1175	2014
1175	2034
1175	2076
1175	2080
1175	2123
1175	2127
1175	2158
1175	2195
1175	2241
1175	2250
1175	2277
1175	2307
1175	2312
1175	2313
1175	2369
1175	2385
1175	2401
1175	2430
1175	2493
1175	2528
1175	2533
1175	2538
1175	2541
1175	2551
1175	2580
1175	2713
1175	2723
1175	2762
1175	2776
1175	2804
1175	2820
1175	2850
1175	2884
1175	2941
1175	2989
1175	3049
1175	3077
1175	3112
1175	3127
1175	3129
1175	3131
1175	3155
1175	3166
1175	3205
1175	3217
1175	3229
1175	3245
1175	3256
1175	3267
1175	3268
1175	3273
1175	3290
1175	3326
1175	3399
1175	3436
1175	3438
1175	3477
1175	3540
1175	3547
1175	3573
1175	3582
1175	3595
1175	3633
1175	3660
1175	3674
1175	3702
1175	3704
1175	3716
1175	3746
1175	3754
1175	3777
1175	3790
1175	3791
1175	3800
1176	12
1176	821
1176	968
1177	31
1177	40
1177	54
1177	63
1177	76
1177	177
1177	185
1177	201
1177	219
1177	244
1177	250
1177	284
1177	300
1177	308
1177	309
1177	314
1177	316
1177	318
1177	319
1177	326
1177	338
1177	351
1177	362
1177	424
1177	464
1177	506
1177	528
1177	581
1177	594
1177	638
1177	659
1177	662
1177	664
1177	685
1177	744
1177	745
1177	779
1177	781
1177	805
1177	808
1177	845
1177	893
1177	918
1177	945
1177	957
1177	981
1177	1002
1177	1023
1177	1025
1177	1030
1177	1063
1177	1219
1177	1281
1177	1323
1177	1346
1177	1374
1177	1379
1177	1447
1177	1503
1177	1539
1177	1577
1177	1605
1177	1624
1177	1626
1177	1629
1177	1720
1177	1836
1177	1874
1177	1896
1177	1897
1177	1977
1177	2037
1177	2039
1177	2117
1177	2120
1177	2129
1177	2179
1177	2343
1177	2349
1177	2394
1177	2409
1177	2448
1177	2463
1177	2484
1177	2488
1177	2541
1177	2583
1177	2623
1177	2636
1177	2718
1177	2776
1177	2788
1177	2812
1177	2815
1177	2828
1177	2884
1177	2905
1177	2912
1177	2939
1177	2943
1177	2998
1177	3014
1177	3096
1177	3134
1177	3247
1177	3250
1177	3273
1177	3359
1177	3393
1177	3396
1177	3399
1177	3425
1177	3452
1177	3484
1177	3520
1177	3547
1177	3548
1177	3564
1177	3571
1177	3576
1177	3626
1177	3633
1177	3692
1177	3699
1177	3721
1177	3772
1177	3796
1177	3807
1178	35
1178	367
1178	2266
1178	2709
1178	3100
1178	3494
1179	2320
1179	3425
1180	1041
1180	3440
1182	81
1182	265
1182	1468
1182	1886
1182	1984
1182	3304
1183	808
1183	953
1183	2492
1185	457
1185	1466
1185	1583
1187	3166
1188	2148
1188	2279
1189	909
1190	3067
1191	12
1192	233
1192	881
1193	6
1193	17
1193	26
1193	29
1193	40
1193	55
1193	60
1193	66
1193	69
1193	93
1193	96
1193	136
1193	153
1193	172
1193	175
1193	178
1193	184
1193	190
1193	207
1193	212
1193	213
1193	237
1193	240
1193	242
1193	260
1193	262
1193	280
1193	296
1193	301
1193	328
1193	371
1193	378
1193	393
1193	402
1193	404
1193	418
1193	420
1193	429
1193	432
1193	453
1193	457
1193	460
1193	470
1193	471
1193	478
1193	485
1193	491
1193	493
1193	504
1193	529
1193	542
1193	546
1193	548
1193	551
1193	585
1193	600
1193	605
1193	611
1193	645
1193	650
1193	656
1193	672
1193	677
1193	697
1193	737
1193	752
1193	753
1193	771
1193	782
1193	796
1193	803
1193	804
1193	808
1193	813
1193	823
1193	825
1193	831
1193	878
1193	888
1193	894
1193	928
1193	941
1193	964
1193	973
1193	982
1193	983
1193	993
1193	1017
1193	1018
1193	1023
1193	1053
1193	1058
1193	1077
1193	1079
1193	1088
1193	1093
1193	1094
1193	1095
1193	1098
1193	1103
1193	1109
1193	1112
1193	1126
1193	1132
1193	1138
1193	1145
1193	1146
1193	1167
1193	1172
1193	1175
1193	1181
1193	1184
1193	1193
1193	1197
1193	1207
1193	1240
1193	1242
1193	1247
1193	1262
1193	1275
1193	1284
1193	1285
1193	1299
1193	1318
1193	1349
1193	1350
1193	1357
1193	1366
1193	1386
1193	1399
1193	1402
1193	1416
1193	1439
1193	1441
1193	1462
1193	1484
1193	1491
1193	1500
1193	1513
1193	1531
1193	1558
1193	1566
1193	1569
1193	1581
1193	1584
1193	1588
1193	1602
1193	1604
1193	1612
1193	1614
1193	1615
1193	1623
1193	1629
1193	1658
1193	1702
1193	1704
1193	1719
1193	1753
1193	1754
1193	1760
1193	1776
1193	1794
1193	1817
1193	1820
1193	1823
1193	1850
1193	1867
1193	1890
1193	1894
1193	1897
1193	1907
1193	1910
1193	1913
1193	1937
1193	1956
1193	1983
1193	1984
1193	1987
1193	1994
1193	2018
1193	2050
1193	2054
1193	2061
1193	2067
1193	2071
1193	2091
1193	2135
1193	2171
1193	2184
1193	2225
1193	2229
1193	2239
1193	2241
1193	2246
1193	2250
1193	2252
1193	2255
1193	2268
1193	2283
1193	2292
1193	2300
1193	2307
1193	2309
1193	2320
1193	2324
1193	2330
1193	2343
1193	2351
1193	2353
1193	2379
1193	2385
1193	2392
1193	2402
1193	2404
1193	2417
1193	2419
1193	2436
1193	2438
1193	2445
1193	2447
1193	2465
1193	2472
1193	2473
1193	2505
1193	2534
1193	2538
1193	2553
1193	2554
1193	2557
1193	2569
1193	2575
1193	2581
1193	2585
1193	2588
1193	2614
1193	2622
1193	2648
1193	2649
1193	2678
1193	2683
1193	2686
1193	2688
1193	2693
1193	2694
1193	2704
1193	2711
1193	2712
1193	2714
1193	2718
1193	2720
1193	2735
1193	2740
1193	2758
1193	2771
1193	2789
1193	2805
1193	2809
1193	2812
1193	2824
1193	2858
1193	2885
1193	2892
1193	2920
1193	2929
1193	2935
1193	2942
1193	2949
1193	2954
1193	2967
1193	2969
1193	2989
1193	2991
1193	2997
1193	3015
1193	3017
1193	3021
1193	3024
1193	3030
1193	3034
1193	3035
1193	3054
1193	3055
1193	3069
1193	3071
1193	3072
1193	3082
1193	3108
1193	3117
1193	3118
1193	3119
1193	3130
1193	3155
1193	3166
1193	3172
1193	3173
1193	3180
1193	3188
1193	3191
1193	3193
1193	3198
1193	3207
1193	3208
1193	3209
1193	3217
1193	3219
1193	3225
1193	3226
1193	3236
1193	3254
1193	3263
1193	3281
1193	3282
1193	3293
1193	3294
1193	3296
1193	3303
1193	3311
1193	3332
1193	3336
1193	3347
1193	3366
1193	3380
1193	3385
1193	3405
1193	3410
1193	3421
1193	3429
1193	3435
1193	3440
1193	3442
1193	3450
1193	3458
1193	3479
1193	3483
1193	3496
1193	3501
1193	3511
1193	3535
1193	3536
1193	3543
1193	3568
1193	3569
1193	3571
1193	3594
1193	3599
1193	3600
1193	3602
1193	3620
1193	3632
1193	3646
1193	3648
1193	3664
1193	3671
1193	3680
1193	3682
1193	3683
1193	3696
1193	3706
1193	3722
1193	3763
1193	3781
1193	3793
1193	3807
1193	3813
1196	3633
1197	866
1199	213
1199	257
1199	258
1199	1302
1199	1446
1199	2770
1199	3037
1199	3570
1200	1181
1200	1664
1200	2480
1200	3278
1201	2029
1201	2170
1202	678
1202	2372
1202	3118
1202	3368
1202	3780
1203	2487
1203	3216
1204	2961
1204	2997
1205	2181
1205	2374
1205	3035
1206	1093
1206	2305
1209	392
1209	3602
1211	1125
1211	2447
1211	2475
1211	2584
1211	3646
1214	1078
1215	2344
1216	63
1216	824
1216	1876
1216	2488
1216	3601
1217	1941
1218	3399
1219	131
1219	813
1219	1384
1219	2680
1219	3666
1222	1098
1222	1131
1222	1548
1222	1583
1222	1643
1222	1703
1222	1768
1222	2285
1222	2294
1222	2557
1222	2903
1222	3008
1224	602
1224	926
1224	1685
1224	2623
1225	152
1225	203
1225	518
1225	847
1225	1315
1225	1416
1225	1657
1225	3306
1225	3473
1225	3508
1225	3814
1225	3815
1226	1768
1226	3325
1227	1381
1227	2026
1227	2366
1227	2458
1228	244
1229	676
1229	808
1229	1317
1229	2253
1231	183
1231	206
1231	749
1232	1604
1233	3720
1234	2842
1234	2863
1236	3524
1238	348
1238	677
1240	4
1240	12
1240	24
1240	26
1240	34
1240	46
1240	69
1240	131
1240	148
1240	151
1240	160
1240	195
1240	238
1240	248
1240	254
1240	268
1240	274
1240	298
1240	304
1240	320
1240	343
1240	355
1240	384
1240	393
1240	404
1240	407
1240	417
1240	428
1240	442
1240	466
1240	486
1240	489
1240	541
1240	548
1240	566
1240	573
1240	611
1240	659
1240	666
1240	691
1240	703
1240	736
1240	770
1240	771
1240	805
1240	808
1240	811
1240	813
1240	821
1240	840
1240	880
1240	881
1240	889
1240	899
1240	910
1240	957
1240	958
1240	974
1240	975
1240	978
1240	989
1240	1002
1240	1020
1240	1040
1240	1042
1240	1044
1240	1083
1240	1093
1240	1103
1240	1116
1240	1133
1240	1149
1240	1159
1240	1181
1240	1219
1240	1227
1240	1243
1240	1278
1240	1280
1240	1315
1240	1325
1240	1379
1240	1384
1240	1472
1240	1473
1240	1481
1240	1483
1240	1521
1240	1539
1240	1547
1240	1639
1240	1657
1240	1675
1240	1690
1240	1717
1240	1761
1240	1770
1240	1787
1240	1788
1240	1818
1240	1852
1240	1871
1240	1884
1240	1897
1240	1916
1240	1959
1240	2026
1240	2029
1240	2049
1240	2076
1240	2154
1240	2167
1240	2174
1240	2184
1240	2195
1240	2208
1240	2242
1240	2261
1240	2277
1240	2301
1240	2342
1240	2375
1240	2382
1240	2395
1240	2397
1240	2398
1240	2401
1240	2409
1240	2443
1240	2472
1240	2487
1240	2495
1240	2508
1240	2532
1240	2538
1240	2554
1240	2588
1240	2614
1240	2630
1240	2697
1240	2699
1240	2723
1240	2728
1240	2735
1240	2741
1240	2753
1240	2758
1240	2811
1240	2821
1240	2846
1240	2859
1240	2889
1240	2912
1240	2925
1240	2988
1240	3004
1240	3009
1240	3019
1240	3047
1240	3052
1240	3054
1240	3062
1240	3112
1240	3135
1240	3143
1240	3145
1240	3157
1240	3166
1240	3177
1240	3186
1240	3205
1240	3247
1240	3272
1240	3296
1240	3310
1240	3314
1240	3318
1240	3344
1240	3367
1240	3368
1240	3387
1240	3420
1240	3446
1240	3461
1240	3464
1240	3470
1240	3515
1240	3517
1240	3518
1240	3532
1240	3554
1240	3578
1240	3594
1240	3596
1240	3597
1240	3612
1240	3656
1240	3658
1240	3662
1240	3665
1240	3666
1240	3699
1240	3718
1240	3759
1240	3762
1240	3763
1240	3784
1240	3790
1241	2363
1241	2487
1241	3260
1241	3705
1242	2550
1242	2722
1242	3306
1242	3327
1242	3404
1242	3674
1245	2015
1246	513
1246	688
1246	745
1246	958
1246	2157
1246	2495
1246	2775
1246	3058
1246	3606
1246	3675
1247	482
1247	543
1247	591
1247	592
1247	1738
1248	2422
1251	93
1251	104
1251	1128
1251	2694
1251	3154
1251	3710
1252	310
1252	777
1252	982
1252	3079
1253	145
1254	678
1254	896
1254	2170
1254	3600
1255	14
1255	540
1255	675
1255	1151
1255	1157
1255	1385
1255	1756
1255	1898
1255	2219
1255	2563
1255	3247
1257	2072
1258	1191
1258	1347
1258	1443
1258	1695
1258	2613
1258	3554
1259	1594
1259	2206
1260	1237
1260	2148
1260	2396
1261	656
1261	2707
1262	1047
1262	1885
1262	2656
1262	2747
1264	869
1264	1637
1264	2014
1264	2714
1265	1923
1265	1940
1265	2195
1265	2341
1265	3190
1265	3201
1266	702
1267	63
1267	559
1267	818
1267	1363
1267	2194
1267	2209
1267	2555
1267	2800
1268	2875
1271	468
1272	2673
1274	2169
1274	2209
1274	2453
1276	164
1276	167
1276	792
1276	831
1276	1752
1276	1858
1276	1924
1276	2490
1276	2504
1276	3230
1276	3709
1277	467
1277	3355
1279	2688
1280	46
1280	1578
1280	3652
1281	1473
1281	1567
1281	2181
1281	2341
1281	3035
1281	3713
1282	3230
1286	124
1286	1086
1286	1602
1286	2244
1286	2563
1287	3307
1289	482
1289	1007
1289	1013
1291	556
1291	1291
1291	2580
1291	3247
1292	896
1292	1520
1292	1879
1292	2132
1292	3440
1293	1041
1295	1875
1295	2534
1295	3296
1297	2165
1297	3140
1298	1338
1298	1575
1298	2158
1298	2589
1298	2727
1299	1584
1299	1600
1300	1349
1300	2502
1300	2913
1302	1929
1302	2594
1302	3489
1303	541
1303	1217
1304	203
1304	280
1304	664
1304	728
1304	1315
1304	2449
1304	2597
1304	2686
1304	2721
1304	3273
1304	3276
1305	87
1305	991
1305	2891
1307	442
1307	544
1307	2313
1307	2890
1309	3296
1313	2071
1314	1855
1314	2247
1314	2725
1315	1235
1316	2694
1318	2735
1319	1175
1319	1481
1321	371
1321	374
1321	550
1321	870
1321	1633
1321	2256
1321	3117
1321	3648
1322	893
1322	2394
1323	1041
1323	1695
1323	1874
1323	2250
1324	1242
1325	659
1325	3571
1326	1002
1326	1887
1326	3057
1327	1659
1327	1841
1327	2744
1329	1254
1330	69
1330	2465
1332	2770
1334	173
1334	2174
1334	3205
1336	1347
1336	1808
1336	2076
1336	2482
1336	3394
1336	3644
1337	2543
1338	56
1338	77
1338	140
1338	2161
1338	2176
1338	2374
1338	3631
1340	377
1340	683
1340	1766
1340	2439
1344	3763
1345	2436
1345	3217
1346	1593
1346	2653
1347	3135
1347	3402
1348	3076
1348	3629
1349	3059
1350	160
1350	1170
1350	1326
1350	1812
1350	3404
1351	1169
1351	1575
1351	1930
1351	2344
1352	140
1352	1282
1352	1381
1353	1
1353	31
1353	80
1353	666
1353	794
1353	853
1353	1088
1353	1430
1353	1659
1353	1886
1353	2035
1353	2170
1353	3083
1353	3091
1353	3183
1353	3247
1353	3425
1353	3594
1354	3238
1355	424
1355	562
1355	1528
1355	3177
1355	3622
1356	658
1356	1029
1357	2356
1357	3192
1359	1311
1359	1841
1360	2980
1360	3455
1361	63
1361	538
1361	805
1361	1658
1361	3077
1362	844
1362	1085
1362	2535
1363	1805
1363	3400
1364	127
1364	420
1364	3222
1365	1515
1365	1887
1365	2460
1366	3084
1366	3192
1366	3255
1367	3662
1368	2927
1369	1048
1369	1567
1369	3627
1370	833
1370	1311
1372	2681
1372	2720
1372	3021
1373	859
1373	2516
1374	32
1374	1805
1380	2667
1383	2388
1383	2599
1383	2646
1383	3058
1384	2016
1384	3777
1385	1568
1385	1799
1385	2566
1385	3379
1387	668
1387	1614
1387	1880
1387	3520
1388	1666
1389	1235
1389	1648
1389	2956
1390	703
1390	740
1390	1879
1390	2161
1390	2750
1390	3605
1391	1041
1391	3494
1392	610
1392	1110
1392	1414
1392	2319
1397	827
1397	3149
1399	1041
1400	378
1400	1753
1400	2005
1401	844
1401	1669
1401	2123
1401	2862
1401	3702
1401	3729
1402	1291
1403	8
1403	1102
1403	2548
1403	2994
1403	3434
1404	853
1404	2137
1404	3167
1404	3584
1407	438
1407	2545
1407	3356
1409	980
1411	1788
1412	864
1412	1547
1412	2035
1413	1966
1414	531
1414	1507
1414	3068
1414	3591
1415	351
1415	1822
1416	1113
1416	1633
1416	2048
1416	2929
1416	3117
1416	3225
1417	335
1417	1789
1417	1971
1417	3652
1418	1010
1419	590
1419	1093
1419	2016
1419	2892
1420	1534
1421	1448
1421	2725
1422	315
1424	2198
1425	3495
1426	1539
1428	703
1428	808
1428	2637
1429	3741
1430	1789
1430	2919
1430	3101
1430	3334
1432	782
1432	1776
1432	1804
1432	3753
1433	1476
1433	2207
1433	2673
1433	3764
1434	883
1434	1126
1435	35
1435	387
1435	3442
1436	370
1436	1847
1437	369
1438	233
1438	393
1438	1570
1438	2085
1438	3127
1438	3201
1440	370
1440	574
1440	1046
1440	1629
1440	1745
1440	3411
1442	101
1442	3078
1442	3414
1442	3495
1444	1234
1444	2153
1444	2221
1444	2538
1444	2637
1444	3090
1445	1967
1445	2824
1447	2081
1447	3542
1447	3764
1448	4
1448	19
1448	54
1448	107
1448	142
1448	172
1448	180
1448	190
1448	356
1448	367
1448	387
1448	431
1448	436
1448	477
1448	489
1448	586
1448	587
1448	626
1448	659
1448	691
1448	768
1448	774
1448	803
1448	817
1448	897
1448	899
1448	942
1448	963
1448	1008
1448	1023
1448	1027
1448	1081
1448	1109
1448	1110
1448	1143
1448	1180
1448	1217
1448	1219
1448	1230
1448	1243
1448	1254
1448	1267
1448	1271
1448	1287
1448	1290
1448	1298
1448	1317
1448	1384
1448	1385
1448	1431
1448	1455
1448	1486
1448	1492
1448	1501
1448	1527
1448	1608
1448	1618
1448	1647
1448	1660
1448	1733
1448	1772
1448	1791
1448	1812
1448	1831
1448	1834
1448	1843
1448	1853
1448	1854
1448	1912
1448	1927
1448	1968
1448	1971
1448	2011
1448	2100
1448	2120
1448	2123
1448	2161
1448	2167
1448	2243
1448	2245
1448	2260
1448	2272
1448	2319
1448	2394
1448	2457
1448	2471
1448	2590
1448	2624
1448	2629
1448	2679
1448	2718
1448	2743
1448	2757
1448	2835
1448	2851
1448	2859
1448	2872
1448	2873
1448	2883
1448	2892
1448	2918
1448	2921
1448	2999
1448	3003
1448	3019
1448	3023
1448	3042
1448	3074
1448	3114
1448	3122
1448	3123
1448	3143
1448	3149
1448	3160
1448	3238
1448	3273
1448	3290
1448	3297
1448	3308
1448	3315
1448	3345
1448	3382
1448	3409
1448	3434
1448	3474
1448	3507
1448	3538
1448	3628
1448	3633
1448	3650
1448	3656
1448	3658
1448	3672
1448	3678
1448	3680
1448	3688
1448	3711
1448	3786
1448	3791
1448	3797
1449	2209
1451	64
1451	3777
1452	188
1453	708
1453	3167
1454	2159
1455	3112
1457	2106
1459	233
1459	2074
1460	1174
1461	599
1461	811
1461	1665
1461	2743
1462	174
1462	1577
1463	1657
1464	678
1465	869
1465	3159
1465	3469
1465	3695
1467	1145
1467	1941
1469	2480
1470	936
1470	2885
1471	920
1471	1023
1471	2634
1472	1972
1472	3122
1473	1596
1474	303
1474	1201
1474	1547
1474	2458
1474	3711
1474	3753
1478	231
1479	1143
1479	2125
1479	2833
1482	812
1482	3720
1483	427
1483	1347
1483	1517
1483	1519
1483	1947
1483	2210
1483	2510
1483	2626
1483	2774
1483	2939
1483	3044
1483	3080
1483	3547
1483	3625
1484	1161
1484	2349
1484	2417
1485	2631
1486	128
1486	2041
1486	2044
1487	2152
1487	3185
1488	1725
1488	3344
1490	565
1490	1660
1491	327
1491	2433
1491	2516
1491	2630
1491	3127
1493	3115
1494	66
1494	719
1494	1629
1494	2433
1494	2541
1494	2627
1494	2752
1495	1172
1495	3018
1496	1743
1497	737
1498	755
1498	1106
1498	1244
1498	1276
1498	2108
1498	2422
1499	678
1499	1850
1501	917
1501	3187
1501	3192
1501	3600
1502	989
1502	1020
1502	1363
1502	1598
1502	2430
1502	2442
1502	3661
1503	1317
1504	298
1504	317
1504	548
1504	1441
1504	1495
1504	1604
1504	2307
1504	2641
1504	2791
1504	2842
1504	3155
1504	3244
1504	3367
1504	3655
1505	1885
1505	2760
1505	2997
1506	1844
1506	2717
1510	1901
1510	2135
1511	1132
1511	1347
1511	1614
1511	2121
1514	539
1514	3370
1516	524
1518	3585
1519	972
1519	1789
1520	1871
1520	2760
1522	1537
1522	1658
1522	3017
1522	3057
1523	63
1523	400
1523	678
1525	678
1525	1176
1525	1296
1525	1583
1525	1870
1525	1928
1525	2113
1525	2747
1525	3237
1525	3331
1525	3595
1527	559
1527	1595
1527	3742
1528	703
1528	1041
1529	2921
1529	3734
1530	3092
1530	3554
1531	2962
1531	3439
1532	1191
1534	1953
1534	3265
1537	35
1537	1364
1538	1503
1538	1837
1541	63
1541	532
1541	542
1541	1407
1541	1741
1541	3423
1542	1689
1542	2598
1544	2999
1545	1527
1545	3723
1546	599
1546	1521
1546	2162
1546	2648
1546	2773
1546	2990
1547	3392
1547	3750
1548	1098
1548	1282
1548	1537
1548	3449
1549	1532
1549	1805
1549	2088
1549	2738
1549	3351
1549	3576
1549	3707
1550	1219
1550	1385
1551	3586
1552	256
1553	1578
1553	2932
1554	1460
1555	1725
1555	3455
1556	617
1557	2876
1557	3082
1557	3201
1560	1219
1560	1780
1560	1886
1560	2090
1560	2574
1561	58
1561	77
1561	703
1561	1018
1561	1761
1561	2231
1561	2470
1561	2525
1561	3091
1561	3260
1561	3267
1561	3748
1562	570
1562	2337
1562	3114
1564	1608
1564	2184
1565	35
1565	2394
1565	2584
1566	623
1569	5
1569	64
1569	76
1569	100
1569	106
1569	113
1569	118
1569	219
1569	228
1569	435
1569	441
1569	534
1569	562
1569	574
1569	673
1569	677
1569	717
1569	726
1569	727
1569	737
1569	739
1569	746
1569	786
1569	789
1569	808
1569	892
1569	893
1569	915
1569	939
1569	1021
1569	1023
1569	1061
1569	1090
1569	1131
1569	1135
1569	1148
1569	1160
1569	1264
1569	1273
1569	1289
1569	1307
1569	1332
1569	1397
1569	1458
1569	1483
1569	1504
1569	1508
1569	1592
1569	1617
1569	1681
1569	1716
1569	1830
1569	1918
1569	1976
1569	2184
1569	2198
1569	2256
1569	2349
1569	2403
1569	2418
1569	2514
1569	2529
1569	2546
1569	2570
1569	2673
1569	2735
1569	2756
1569	2791
1569	2813
1569	2839
1569	2841
1569	2845
1569	2861
1569	2910
1569	2942
1569	2954
1569	2962
1569	3000
1569	3032
1569	3153
1569	3176
1569	3188
1569	3251
1569	3349
1569	3384
1569	3409
1569	3415
1569	3478
1569	3563
1569	3600
1569	3627
1569	3658
1569	3687
1569	3728
1569	3783
1570	2447
1573	417
1573	596
1573	1382
1573	3533
