47	3999
47	2447
47	78
47	2277
47	658
47	1285
47	1540
47	483
47	3026
47	1135
47	3197
47	3498
47	1169
47	3210
47	1274
47	3495
47	975
47	2822
47	132
47	3786
47	137
47	378
47	3150
47	1252
47	1635
47	1123
67	3667
67	1238
110	377
110	2854
110	24
110	2092
110	3197
110	2770
110	1566
110	1236
110	3077
111	4659
111	3260
111	3526
111	3385
111	1196
111	1764
111	1318
111	27
111	75
111	1300
111	2333
136	3667
136	4159
136	3291
136	3811
136	2464
136	2569
136	3411
136	2605
136	3246
136	4524
174	700
174	2996
174	132
174	1835
174	1575
174	1340
174	2655
174	612
175	1982
212	152
212	247
212	4122
212	3972
212	2340
212	137
212	4519
212	1540
212	3866
212	1566
212	4497
212	628
212	4159
212	816
212	3534
215	3622
215	1241
215	1925
215	3246
215	1129
215	186
215	1013
230	774
230	2780
230	2305
230	223
230	3241
230	3837
230	4467
230	3562
230	1096
230	330
230	4346
301	1540
301	101
301	2577
301	1505
301	3804
301	535
301	2484
301	1179
301	1122
301	4548
301	651
301	4751
301	3291
301	3197
301	2681
301	1578
301	4422
301	893
301	1203
305	816
305	3254
305	2698
305	1553
305	2816
305	3544
305	2283
323	4043
323	4045
323	4585
331	4751
331	4401
429	996
429	375
429	3972
444	1236
444	3241
444	1754
444	2577
444	3970
444	590
444	4542
444	3507
490	1300
490	3565
490	1960
490	4589
490	2577
490	1457
490	1867
490	248
490	3429
490	165
490	2542
490	11
490	267
490	9
490	546
490	27
490	1644
499	3011
499	4068
499	947
499	3714
499	4423
499	2530
499	3967
499	2881
499	3164
499	2402
499	2187
499	1071
499	1077
499	4380
499	3513
499	4511
499	274
499	4401
499	2219
502	429
502	3795
502	1348
502	4744
502	1835
502	2273
502	1095
502	535
502	475
502	1540
502	4467
502	358
502	4422
502	3735
502	1122
525	2618
525	3978
525	3714
525	4206
525	3011
525	2578
525	4335
525	1945
525	3021
525	123
599	3866
599	2841
599	3967
635	4306
635	1118
635	4475
635	4054
650	74
650	1511
650	3667
650	3698
650	802
650	3241
650	3135
650	1105
650	1026
650	2071
650	59
650	1625
650	137
650	1452
650	2848
650	4670
650	2148
650	3164
650	421
650	4423
650	1947
650	2303
650	152
650	3534
650	4401
650	1077
650	3489
650	1236
650	247
650	3907
650	3871
650	3638
650	1122
650	1731
650	1523
650	920
650	2954
684	4213
684	81
684	3106
781	3606
781	3075
781	4422
781	2404
781	2612
781	4352
781	3608
790	3708
790	4423
790	3328
790	4313
790	1953
790	187
790	930
790	4548
790	350
790	2724
790	2948
790	1879
790	2275
790	868
790	3459
790	3091
790	274
790	4173
790	4141
790	3467
790	3153
790	3714
790	2383
790	708
790	3628
790	1996
790	2092
790	1585
790	3401
790	4107
790	8
790	3871
790	1646
790	1952
790	3196
790	2967
790	3530
790	3845
790	3146
790	821
790	1752
790	1806
790	4603
790	322
795	562
795	1163
795	74
795	4663
795	434
795	3464
795	4423
795	2039
795	4072
795	4250
795	3952
795	116
795	189
795	2568
795	1499
795	3866
795	665
795	930
795	2293
795	3106
795	1752
795	4401
861	3380
861	1285
861	637
861	3064
861	859
861	4339
861	701
861	2117
861	375
861	218
861	3479
861	1835
861	2677
947	358
947	2024
947	1952
947	3452
947	3749
947	1780
947	930
947	1258
947	1702
947	3379
947	2081
947	1546
947	847
947	443
947	419
947	133
947	874
947	825
947	258
947	2681
947	3921
947	1240
947	1072
947	4408
947	3925
947	3998
947	931
947	4193
947	1254
947	2658
947	1865
947	3170
947	9
947	4021
947	2730
947	2105
947	31
947	16
947	3545
947	4043
977	3534
977	3153
977	765
977	4557
977	3972
996	4422
996	1540
996	2657
996	4478
996	1855
996	2542
996	4240
1006	3972
1006	1105
1036	1763
1036	3507
1036	3866
1036	4548
1036	2966
1036	4659
1036	3088
1037	247
1037	1610
1037	985
1037	3866
1037	3291
1037	28
1037	4021
1037	4424
1037	4670
1037	3241
1037	1185
1037	2577
1108	3871
1108	1953
1108	2948
1108	765
1108	1071
1108	4295
1108	1077
1108	2299
1132	1621
1132	3866
1132	1118
1142	1540
1142	3863
1142	4273
1142	1122
1142	2023
1142	475
1142	3245
1180	3450
1180	2655
1180	1077
1180	2170
1188	4122
1188	1313
1189	375
1189	1540
1189	4519
1189	782
1189	4122
1189	3281
1189	3507
1203	4512
1208	1594
1208	997
1210	3399
1210	4422
1210	4029
1210	1540
1210	1761
1210	1224
1210	2474
1210	1122
1210	1996
1210	2920
1210	4748
1210	2577
1210	27
1210	4553
1210	588
1210	4195
1272	3507
1272	4122
1272	1540
1272	1624
1278	2023
1278	2308
1278	4734
1278	3735
1278	1366
1278	1553
1278	1122
1278	2907
1278	1143
1278	1322
1311	1954
1311	4423
1311	4491
1311	1835
1311	2740
1311	2092
1311	2248
1311	4306
1311	3972
1311	671
1311	893
1311	3241
1311	1610
1311	3489
1311	2612
1311	2966
1311	3795
1311	3912
1311	4422
1311	1314
1311	3536
1311	1077
1311	256
1311	3534
1346	371
1346	3983
1346	2051
1346	1602
1346	2127
1378	3811
1378	1646
1378	3464
1378	4467
1378	1096
1379	1879
1379	1578
1379	2159
1379	1540
1379	4548
1379	160
1379	2148
1379	1105
1379	3197
1379	3999
1379	3871
1379	4423
1379	1236
1379	1835
1379	3866
1379	475
1379	4542
1379	2681
1390	27
1390	838
1395	2362
1395	39
1395	3731
1395	816
1398	429
1398	2577
1398	2153
1398	67
1398	2922
1398	475
1398	3547
1398	2542
1398	4422
1398	2816
1398	2351
1398	1196
1398	4122
1398	3667
1398	1476
1398	95
1398	1007
1398	3972
1398	737
1398	2883
1398	378
1398	2484
1398	4659
1398	546
1398	3837
1398	4584
1398	3569
1398	3562
1398	1939
1398	1825
1398	3693
1398	2126
1398	4670
1398	4589
1398	1540
1398	1895
1398	3866
1398	4553
1398	4000
1398	1179
1398	4519
1398	1763
1418	2577
1418	2173
1418	3531
1418	2987
1418	714
1418	494
1418	4401
1418	998
1418	2612
1418	24
1418	3561
1418	1122
1418	1888
1418	842
1418	1610
1418	4422
1418	2148
1418	3562
1418	1522
1418	1790
1418	2777
1418	1146
1418	997
1455	3967
1455	3241
1455	893
1455	1954
1455	3520
1455	446
1455	1122
1455	2993
1455	1902
1455	24
1455	3840
1469	2662
1469	535
1495	1203
1495	1122
1495	1373
1495	3254
1495	2668
1495	2215
1495	3999
1495	1499
1495	3507
1495	3713
1495	3658
1495	1703
1495	3543
1495	2313
1495	3450
1495	2763
1495	3144
1495	4553
1495	4104
1495	4449
1495	2518
1495	3687
1495	282
1495	3196
1495	2484
1495	4738
1495	4422
1495	2092
1495	3075
1495	3562
1495	27
1495	2875
1495	3072
1495	2987
1495	3267
1495	3147
1495	3569
1495	3874
1495	2577
1495	1110
1495	1902
1495	1348
1495	1252
1495	2585
1495	4022
1495	3811
1495	1196
1495	3787
1495	1671
1495	3897
1495	3864
1495	1393
1495	4670
1495	1668
1495	3385
1495	1236
1495	2105
1495	1326
1495	2151
1495	4072
1495	539
1495	198
1495	653
1495	1255
1495	701
1495	1135
1495	2382
1495	313
1495	1540
1495	931
1507	2092
1507	3837
1522	3329
1522	1196
1522	27
1522	4021
1522	631
1522	3507
1522	3787
1522	1582
1522	378
1522	1218
1532	421
1544	838
1544	997
1544	3210
1544	3214
1544	3839
1544	3813
1544	2577
1544	1596
1544	2518
1544	1197
1544	4529
1544	3567
1544	2143
1544	3878
1544	4659
1544	2059
1544	3196
1544	957
1544	2101
1544	3921
1544	4642
1544	3075
1544	1139
1544	4028
1544	2595
1544	2558
1544	3824
1556	1436
1556	3267
1556	2777
1556	2573
1594	1775
1594	3196
1594	376
1594	2277
1594	4364
1613	67
1671	1041
1671	43
1671	2677
1671	2622
1671	1999
1671	2321
1671	2958
1671	3768
1671	4705
1671	3569
1671	1570
1671	2163
1671	2218
1671	2555
1671	3755
1671	193
1671	3246
1671	4001
1671	803
1705	1243
1705	1419
1705	2239
1705	4389
1705	77
1705	343
1705	4553
1705	3569
1705	1013
1705	3060
1705	1041
1705	4438
1705	1763
1705	2018
1705	790
1705	2092
1705	1203
1753	1169
1753	3154
1753	4422
1753	3422
1753	3267
1753	1940
1753	1118
1753	1139
1753	2661
1753	2092
1753	2251
1753	4642
1765	3133
1765	4744
1765	77
1765	1355
1765	4548
1765	1110
1765	3866
1765	4721
1765	2850
1765	1759
1765	2342
1765	3569
1765	3329
1765	402
1765	4615
1765	2639
1765	3281
1765	2215
1765	4401
1765	2092
1765	375
1765	3740
1765	4104
1765	4422
1765	4306
1765	1617
1765	1348
1765	4216
1765	3075
1765	3274
1765	2763
1765	3378
1765	4542
1765	1703
1765	118
1765	989
1765	2131
1765	2908
1765	152
1765	2920
1765	4250
1765	821
1765	3267
1765	3021
1765	3534
1765	2142
1765	1825
1765	4072
1765	1954
1765	3718
1765	790
1765	3659
1765	2740
1765	1578
1765	816
1765	4467
1765	4123
1765	1118
1765	1788
1765	1540
1765	4001
1765	3811
1765	893
1765	2299
1765	3713
1765	391
1765	1953
1765	4423
1765	1135
1765	2709
1795	816
1795	3804
1795	1553
1795	535
1795	861
1795	2187
1910	4422
1910	4744
1939	3065
1939	1610
1959	1285
1970	3267
1970	2484
1970	3866
1970	475
1970	3669
1970	2577
1970	1902
1970	1566
1970	3853
1970	4179
1970	893
1970	1954
1970	888
1970	2668
1970	3507
1970	2730
1970	2816
1970	1505
1996	2251
1996	4231
1996	1077
1996	1555
1996	4009
1996	765
1996	1803
1996	1135
1996	1699
1996	280
1996	834
1996	3704
1996	4486
1996	3114
1996	645
1996	2261
1996	616
1996	952
1996	1429
1996	4511
1996	2636
1996	1061
1996	1211
1996	2881
1996	2362
1996	893
1996	2067
1996	2242
1996	2821
1996	801
1996	4491
1996	1503
1996	1340
1996	3293
1996	2578
1996	3628
1996	2002
1996	4634
1996	2238
1996	48
2039	1540
2039	2577
2039	2920
2039	1902
2039	3601
2063	4441
2089	2131
2089	2577
2089	4023
2089	3999
2089	3866
2089	1610
2089	1505
2103	3291
2103	3175
2103	3197
2103	1203
2103	3281
2103	378
2103	2092
2126	2282
2126	358
2126	1218
2126	4122
2126	4216
2126	3197
2127	2142
2127	3197
2127	2595
2127	4303
2127	1113
2127	2430
2127	3109
2127	3447
2127	2313
2127	631
2127	1596
2175	4190
2175	2443
2175	801
2175	3011
2175	4523
2175	1954
2175	1067
2175	2730
2175	2342
2175	242
2175	2012
2175	3963
2175	2253
2175	3871
2175	4068
2175	3967
2175	1355
2175	2675
2175	4418
2175	3464
2175	3714
2175	3241
2175	3534
2175	4024
2175	3999
2175	1077
2175	2219
2175	2152
2175	147
2186	3197
2186	4416
2186	3331
2186	399
2186	1668
2186	2735
2186	3154
2186	264
2186	2305
2186	2293
2186	2677
2186	2956
2186	4003
2186	2659
2186	3569
2186	3390
2186	1448
2186	3135
2186	3245
2236	4009
2236	3967
2236	4024
2236	3866
2236	3871
2236	997
2236	3656
2236	4542
2236	3714
2236	2881
2236	3638
2236	4401
2236	402
2283	4465
2283	3638
2283	3916
2283	1873
2283	1827
2283	358
2283	1105
2283	3507
2283	2695
2283	2977
2283	1348
2283	4094
2283	1544
2283	3686
2283	1085
2291	322
2291	4036
2291	1077
2291	1118
2291	2618
2291	1203
2291	2842
2293	1835
2293	1179
2293	3464
2293	1236
2293	1733
2293	3952
2293	2577
2293	535
2293	1540
2313	4562
2313	1540
2313	2900
2344	2759
2344	358
2344	4021
2344	4705
2344	3882
2344	2730
2344	1306
2344	145
2344	1324
2344	2979
2344	3858
2344	2313
2344	67
2344	1955
2344	506
2344	1616
2344	855
2344	2747
2344	4339
2344	3329
2344	3960
2344	4014
2344	612
2344	1496
2346	2671
2346	790
2385	3758
2385	2748
2464	208
2464	4072
2464	2222
2464	2153
2464	4061
2464	3267
2464	628
2464	2956
2464	3196
2464	3562
2464	2092
2464	1610
2464	997
2464	2305
2464	4122
2464	2105
2464	421
2464	2595
2464	4127
2464	2148
2464	4744
2464	1594
2464	3999
2464	1619
2464	1238
2464	4553
2464	1505
2464	1501
2464	3866
2464	1578
2464	1179
2464	2677
2464	3012
2464	375
2464	1283
2464	3452
2464	2311
2464	1029
2464	906
2464	3871
2464	1511
2464	4670
2464	4422
2464	3300
2464	3175
2464	2023
2464	4405
2464	3972
2464	950
2464	605
2464	1540
2464	2577
2464	1122
2475	4068
2475	2219
2475	4206
2475	4009
2475	2430
2475	4401
2475	2039
2475	1646
2475	2881
2475	4480
2475	1105
2475	3857
2475	3740
2475	4423
2475	1130
2475	659
2475	1954
2476	2148
2476	4326
2476	1610
2476	1540
2476	4072
2476	2484
2476	2041
2476	671
2476	714
2476	4557
2476	24
2476	1373
2476	3972
2476	2305
2476	223
2476	3522
2476	1252
2476	4422
2476	997
2612	3999
2617	1540
2617	2235
2617	4054
2617	4018
2617	3016
2617	1334
2617	1763
2617	1406
2617	2385
2617	1610
2617	3110
2617	3795
2617	4584
2617	3831
2617	1041
2617	2578
2617	3522
2617	256
2617	1081
2617	1492
2617	3613
2617	1775
2617	522
2617	183
2617	1704
2618	3197
2618	1505
2646	2219
2646	659
2646	3489
2646	3866
2646	2299
2646	1071
2646	4460
2646	4511
2646	4401
2646	3241
2646	893
2646	3366
2648	4266
2648	656
2648	893
2648	4401
2648	3999
2648	4542
2648	2391
2648	3241
2648	67
2648	1890
2648	2767
2648	1286
2648	2573
2648	247
2648	236
2648	1077
2648	3274
2648	2730
2648	4670
2648	1947
2648	3714
2648	3534
2648	868
2648	2011
2648	1945
2648	802
2648	3880
2648	1954
2659	1668
2659	3786
2659	1508
2659	1823
2659	4422
2659	114
2659	3613
2659	1307
2659	456
2659	2548
2659	2848
2659	2031
2659	3531
2659	3318
2659	3837
2659	2577
2659	3797
2659	4423
2659	2336
2659	1840
2659	783
2659	4273
2659	1028
2659	3197
2659	816
2659	1487
2659	1139
2659	1179
2659	4115
2659	1184
2659	242
2659	4496
2659	4467
2659	623
2659	4713
2659	1059
2659	3866
2659	684
2667	2382
2667	2873
2667	2763
2667	267
2667	2335
2667	1072
2667	378
2667	1506
2667	760
2667	2706
2667	3450
2667	419
2667	3543
2667	3753
2667	689
2667	2092
2667	2987
2667	4021
2667	1865
2667	1699
2667	720
2702	816
2702	1566
2702	2159
2702	893
2702	3197
2702	1169
2702	1118
2702	2681
2702	757
2702	2569
2702	4548
2702	2639
2705	1646
2705	4684
2705	1680
2705	1013
2705	3557
2705	804
2705	1348
2705	1792
2705	1135
2705	3366
2705	2929
2705	4266
2705	3615
2705	2558
2705	1129
2705	2092
2705	350
2705	1218
2705	1502
2705	2025
2705	307
2735	3197
2735	3189
2735	1739
2735	997
2735	2956
2735	4067
2735	2410
2735	3159
2735	2637
2735	1596
2735	1139
2785	1499
2785	2382
2785	2251
2795	720
2795	3196
2795	4303
2795	24
2795	2740
2795	1902
2795	3401
2795	535
2795	821
2795	997
2795	4000
2795	4422
2795	1236
2795	4302
2795	4001
2795	1041
2795	97
2795	1887
2795	4467
2795	4122
2795	4060
2795	116
2795	4088
2795	2484
2795	2681
2795	1273
2795	451
2795	2092
2795	1169
2795	4237
2795	4401
2795	3561
2795	2059
2795	337
2795	436
2795	1212
2795	421
2795	256
2795	4475
2795	3210
2795	1671
2795	2731
2795	2578
2795	1759
2795	223
2795	3102
2795	3787
2795	1144
2795	4029
2795	522
2803	1139
2803	522
2833	3196
2833	1445
2833	535
2833	3507
2833	3291
2833	4584
2833	2163
2836	542
2836	3488
2836	399
2848	2382
2848	4467
2911	1540
2914	2148
2914	2577
2914	1348
2914	137
2914	4389
2914	3329
2939	1540
2939	4659
2939	3998
2939	358
2939	2484
2939	330
2939	760
2939	27
2942	4756
2942	4589
2942	419
2942	2866
2961	2265
2965	4756
2965	1072
2975	2681
2975	2219
2975	1167
2975	305
2975	4339
2975	2051
2975	3241
2975	2748
2975	2071
2975	1969
3037	3660
3037	1071
3037	2683
3037	2039
3037	1699
3037	2044
3037	1969
3037	1012
3037	161
3037	1077
3037	947
3037	4306
3037	930
3037	4548
3047	1203
3047	3197
3047	3713
3047	33
3047	1956
3047	1759
3047	4313
3047	3452
3047	4104
3047	2761
3047	2474
3047	3825
3047	3562
3047	118
3047	4242
3047	2131
3047	1008
3047	4203
3047	1157
3047	4674
3047	3718
3047	4748
3047	2763
3047	1505
3047	863
3047	1096
3047	247
3047	1414
3047	77
3047	1502
3047	3075
3047	663
3047	2163
3047	1610
3047	3102
3047	2142
3047	3487
3047	3660
3047	4605
3047	3281
3047	1860
3047	4383
3047	3109
3047	1170
3047	3740
3047	1897
3047	4548
3047	4306
3047	2920
3101	1578
3101	3972
3101	2092
3114	3138
3114	201
3114	4631
3114	143
3114	1029
3114	769
3114	3145
3114	4743
3114	631
3114	2748
3114	3703
3114	3197
3114	3833
3114	2595
3114	4584
3114	1507
3114	3446
3114	3802
3171	3246
3171	4557
3171	78
3171	2041
3171	1610
3212	1252
3212	139
3233	2577
3237	1610
3237	1295
3237	3399
3237	3433
3237	45
3237	3547
3237	4589
3237	3329
3237	708
3237	1096
3237	1179
3237	4659
3237	3385
3255	3091
3255	2681
3255	3817
3255	1486
3255	1085
3255	1440
3255	883
3255	3306
3255	714
3255	3653
3255	2612
3255	254
3255	3387
3255	2448
3255	1122
3255	3270
3255	3554
3255	1550
3255	4405
3255	4088
3255	727
3255	1750
3255	2577
3255	3629
3258	997
3266	4405
3266	3915
3301	774
3301	1540
3301	3246
3301	2681
3301	1578
3301	358
3301	2279
3340	535
3340	4460
3340	3241
3340	893
3340	4706
3340	2741
3340	3489
3340	3638
3340	4000
3340	3857
3340	3893
3340	4670
3340	947
3340	1105
3340	2763
3340	2577
3387	2391
3387	3216
3387	3153
3387	92
3387	3615
3387	1891
3387	3378
3387	2067
3387	4266
3387	1105
3387	3104
3387	4423
3387	4068
3387	3241
3387	4548
3387	1
3387	350
3387	4552
3387	1236
3387	4021
3387	3871
3387	3534
3387	2219
3387	1355
3387	1077
3387	4401
3387	4231
3503	4519
3503	1553
3503	1594
3503	3053
3503	4749
3503	2025
3503	3500
3503	1839
3503	3376
3503	1799
3521	267
3521	2132
3521	1009
3521	3998
3521	1101
3521	370
3521	1793
3521	3863
3521	1918
3521	1902
3521	1839
3521	221
3521	878
3521	1005
3521	4017
3521	846
3521	791
3521	4553
3521	2290
3521	1780
3521	2334
3521	1769
3521	292
3521	1217
3521	724
3521	4043
3521	3433
3521	2446
3521	1457
3521	2922
3521	1865
3521	4340
3521	1254
3521	3921
3521	3924
3521	1002
3521	419
3521	4432
3521	3742
3521	2916
3521	3103
3521	4565
3521	1123
3521	931
3521	838
3564	2831
3564	4512
3564	3774
3564	1693
3564	3698
3564	4024
3564	4389
3564	816
3564	475
3564	837
3564	39
3564	4738
3564	399
3564	3329
3564	44
3564	3754
3564	3897
3564	1413
3564	1496
3576	375
3576	1950
3576	3775
3576	2382
3576	2182
3576	1845
3587	2092
3587	493
3587	3972
3587	4122
3587	535
3587	3241
3587	4422
3590	1373
3590	1578
3590	4494
3590	4562
3590	3546
3633	4250
3633	2542
3633	3713
3703	4548
3703	3291
3703	67
3703	223
3703	2509
3703	3824
3703	1554
3703	2748
3703	1505
3703	2920
3703	4122
3703	4541
3707	2577
3707	4690
3707	1267
3707	2273
3707	4273
3707	782
3710	4122
3710	3245
3710	3824
3710	3241
3710	3327
3710	1540
3767	3990
3767	1931
3767	3998
3767	4208
3767	648
3767	1295
3767	2473
3767	838
3767	1116
3767	4133
3767	1652
3767	3783
3767	2973
3767	2388
3772	322
3772	402
3772	1965
3772	2519
3772	261
3772	1540
3772	4484
3772	2043
3772	2044
3772	3952
3772	2100
3772	1373
3772	3597
3772	930
3772	823
3772	4212
3772	774
3772	4367
3772	1578
3772	2748
3772	902
3772	182
3772	3787
3772	3281
3772	2956
3772	375
3772	2656
3772	1555
3772	3305
3772	2293
3772	766
3772	4303
3772	1203
3772	3464
3772	2124
3772	3468
3772	3077
3772	4302
3772	3081
3772	3291
3772	1987
3772	2200
3772	3805
3772	1110
3772	756
3772	2474
3772	4676
3772	4517
3772	3960
3772	2159
3772	3145
3772	2092
3772	4422
3772	4058
3772	1324
3772	3423
3772	3861
3772	3197
3772	1805
3772	1238
3772	1902
3772	2496
3775	3839
3775	341
3775	2624
3775	1610
3775	8
3775	2382
3828	2092
3828	760
3828	421
3833	3841
3853	313
3853	2340
3853	2577
3853	3690
3853	2362
3853	652
3853	3816
3853	1540
3854	1540
3854	1105
3854	344
3854	4422
3854	2956
3854	1135
3856	3241
3856	2920
3856	4401
3856	893
3856	2092
3856	3972
3856	1578
3856	1224
3856	3507
3864	2351
3864	133
3864	2577
3864	378
3864	1521
3864	4124
3864	1841
3888	1879
3888	3489
3888	4206
3888	1891
3888	930
3888	187
3888	4670
3888	4523
3888	4004
3888	1499
3899	2275
3899	3104
3899	775
3899	2092
3899	1169
3899	1621
3899	1121
3917	3467
3917	1619
3917	2981
3917	1621
3917	3999
3917	1897
3917	2484
3917	3548
3917	3267
3917	3669
3917	27
3924	2571
3924	421
3924	4394
3924	1297
3924	1623
3924	3019
3930	421
3930	3241
3930	223
3930	3562
3930	3534
3930	4356
3957	27
3957	790
3957	1505
3957	2372
3957	857
3957	24
3957	3546
3957	1759
3957	893
3957	2725
4000	3011
4004	1135
4004	4308
4004	3667
4004	1835
4004	3522
4004	2092
4004	3450
4004	997
4047	2994
4047	755
4047	4024
4047	4389
4047	21
4047	27
4047	2999
4047	3291
4047	760
4047	2426
4047	4344
4047	3537
4047	3019
4047	2414
4047	4449
4047	1665
4047	1732
4047	838
4047	1686
4047	3263
4047	3116
4047	4128
4047	4080
4047	2118
4047	282
4047	2435
4047	1952
4047	1702
4047	1874
4047	909
4047	1996
4047	3839
4047	3521
4047	2363
4047	3385
4072	893
4093	2910
4093	2866
4093	3864
4093	1365
4093	1511
4115	3952
4115	3233
4132	350
4132	1945
4132	3011
4132	362
4132	4380
4132	3714
4132	739
4132	1139
4190	2248
4190	3912
4190	1759
4201	1835
4201	169
4201	4306
4256	861
4256	893
4256	2273
4256	2148
4256	3787
4256	653
4256	3241
4256	1357
4256	4422
4256	3375
4256	2219
4256	3866
4256	3669
4256	4339
4256	3507
4256	4401
4256	1540
4256	3967
4256	1241
4256	4029
4256	3628
4256	4059
4256	1958
4256	371
4256	161
4256	1293
4256	4548
4256	3291
4256	3999
4256	2612
4256	4380
4256	4744
4285	247
4285	1958
4285	950
4285	2577
4285	4467
4295	157
4295	3606
4295	522
4295	4485
4298	1439
4298	1140
4298	3897
4298	1236
4298	3196
4298	3563
4298	3507
4298	3154
4298	1218
4298	651
4298	3089
4298	1340
4298	3014
4298	4490
4298	4122
4298	616
4298	4633
4298	4519
4298	1624
4298	1863
4298	421
4298	3921
4298	1540
4298	3669
4298	2595
4298	744
4299	1594
4299	295
4299	4000
4299	1476
4299	767
4299	4036
4299	3075
4299	3267
4299	3329
4299	1773
4299	3065
4374	4422
4374	893
4374	3246
4374	2659
4411	304
4411	2219
4411	3267
4411	223
4411	4467
4411	647
4411	98
4411	989
4411	1566
4411	3272
4411	4401
4411	3197
4411	252
4411	862
4411	3024
4411	2283
4411	1570
4464	2273
4464	1540
4464	4213
4494	27
4494	1179
4494	1540
4494	4303
4494	782
4494	3367
4494	2807
4494	2133
4494	3175
4494	3452
4494	358
4494	2069
4494	788
4494	2799
4494	931
4494	1073
4494	542
4494	2901
4494	4504
4494	2873
4494	2351
4494	2092
4494	3933
4494	10
4494	3939
4494	1144
4512	1046
4512	2577
4512	1612
4512	958
4512	522
4512	3267
4512	3498
4512	3216
4512	3482
4512	816
4512	1285
4512	1309
4512	223
4512	3221
4512	535
4547	375
4552	3489
4552	2577
4552	3241
4552	4548
4552	3197
4552	535
4552	3871
4594	375
4594	2883
4594	1827
4594	4324
4594	1182
4594	799
4594	2577
4594	1073
4600	2577
4600	3795
4600	1902
4600	4203
4600	3077
4600	27
4600	4195
4600	2763
4600	118
4600	3567
4600	350
4600	2531
4600	1285
4600	3811
4600	4422
4600	1238
4600	3667
4600	342
4600	955
4600	1825
4600	4751
4600	559
4600	1169
4600	3196
4600	2631
4600	874
4618	77
4618	2748
4618	3569
4618	4140
4618	2180
4618	1879
4618	33
4618	3197
4618	1650
4618	3714
4634	419
4634	3399
4634	783
4634	588
4634	2473
4634	1794
4642	4401
4642	3795
4642	2881
4642	4548
4658	4335
4658	3246
4658	1172
4658	284
4658	3522
4658	3193
4658	3211
4684	1610
4684	3291
4684	2677
4684	3725
4712	1122
4712	3507
4719	3972
4724	3353
4724	2092
4724	3281
4724	2148
4724	3787
4724	2848
4724	2962
4724	2748
4724	4422
4724	1578
4724	367
4724	2944
4724	4471
4731	2578
4731	1077
4731	3348
4731	4246
4731	4401
4731	4557
4731	4467
4731	2219
4731	3241
4731	2649
4731	2362
4731	2577
4758	2577
4758	2484
4758	3601
4772	2382
4828	2219
4828	3241
4828	3135
4828	4009
4828	3196
4828	3638
4828	2578
4828	3164
4828	1071
4828	1077
4828	3871
4828	3857
4828	1954
4828	947
4828	765
4828	3967
4828	3489
4828	1857
4828	4542
4828	1945
4828	893
4828	2131
4828	4021
4828	2881
4828	3714
4842	2305
4842	4467
4842	1983
4842	2382
4842	2577
4842	1499
4842	3567
4842	3197
4844	68
4844	3197
4844	4021
4844	378
4844	4449
4844	326
4844	4676
4844	3300
4844	4059
4844	4744
4844	3450
4844	3399
4844	3669
4844	1236
4844	4465
4870	4102
4902	2105
4902	3281
4902	2176
4902	1096
4902	3264
4902	652
4902	1802
4902	2577
4902	3718
4902	2365
4902	2763
4902	2875
4902	273
4902	1621
4902	3478
4902	1270
4902	2709
4902	27
4902	4449
4902	838
4902	2870
4902	4213
4902	857
4911	947
4911	3638
4911	3241
4911	2675
4911	4523
4911	3274
4911	2262
4911	869
4911	3866
4911	1105
4911	4506
4911	3963
4911	4422
4911	242
4911	3871
4911	765
4911	4401
4911	3114
4911	1879
4911	147
4911	1954
4911	4009
4911	1891
4911	2039
4911	3534
4911	1077
4911	2881
4947	1179
4965	653
4965	1790
4965	4459
4965	1624
4965	237
4965	1773
4965	3075
4965	3561
4965	283
4965	4751
5046	3011
5046	350
5046	2577
5049	4744
5049	2148
5049	2307
5128	2011
5128	1179
5128	2759
5128	4266
5128	4659
5128	3246
5128	4078
5128	4631
5128	861
5128	1706
5128	1441
5128	3972
5128	429
5128	2308
5128	2351
5128	514
5128	2947
5128	1007
5128	4512
5128	3542
5128	1236
5128	802
5128	73
5128	4029
5128	3897
5128	3026
5128	837
5128	2340
5128	2740
5128	2382
5128	1603
5128	3562
5128	2745
5128	2335
5128	3254
5128	3711
5128	67
5128	1073
5128	3567
5128	2311
5128	4239
5128	671
5128	1218
5128	3402
5128	2577
5128	4422
5128	1095
5128	3507
5128	1625
5128	4122
5128	720
5128	3234
5128	1540
5128	4021
5128	1122
5128	3126
5128	2303
5128	4189
5128	4085
5147	2351
5147	1283
5147	782
5147	3904
5147	1802
5147	3921
5147	1521
5147	788
5147	3462
5160	4401
5160	2474
5160	2548
5160	1540
5160	1825
5160	2131
5160	2730
5160	2920
5160	1044
5160	1759
5160	4029
5179	24
5179	1793
5179	1122
5179	4422
5191	2219
5191	3967
5191	869
5191	1110
5191	3135
5191	247
5191	3241
5191	1374
5191	1954
5191	3011
5191	160
5191	1129
5191	4527
5191	2568
5191	989
5191	2393
5191	3205
5191	3454
5191	1355
5191	4380
5191	4023
5205	1085
5205	1505
5205	1540
5205	1763
5205	2293
5205	4306
5205	1502
5205	2577
5221	1954
5221	2677
5221	2041
5221	283
5221	1540
5221	4569
5221	65
5221	940
5221	1902
5221	3871
5221	2881
5221	2920
5221	4018
5221	2275
5221	3188
5221	3009
5221	402
5221	1578
5221	4721
5221	1077
5221	3189
5221	3367
5221	3014
5221	1891
5221	3241
5221	3274
5221	3246
5221	3225
5221	2092
5221	893
5221	1566
5221	4548
5221	2540
5221	1536
5221	2281
5221	2299
5221	2033
5221	3872
5221	4511
5221	2159
5221	2519
5221	4401
5221	1118
5221	3464
5221	1373
5221	2921
5221	2219
5221	3718
5221	24
5221	1071
5221	3866
5221	961
5221	3952
5221	4456
5221	4079
5221	625
5221	2003
5221	3450
5221	1505
5221	375
5221	350
5221	3811
5221	997
5221	2023
5221	3291
5221	1857
5221	4562
5221	3615
5221	4306
5221	930
5223	3145
5223	3044
5223	2043
5223	4422
5223	1476
5223	997
5223	2740
5223	631
5223	1526
5246	139
5246	3154
5246	208
5251	2782
5251	1881
5251	694
5251	801
5251	3462
5251	3534
5251	3972
5251	765
5251	3241
5251	3104
5268	4401
5268	1139
5268	1224
5268	417
5268	893
5268	2695
5268	2474
5268	1505
5268	2920
5268	1540
5268	2786
5268	4394
5268	4548
5268	1122
5268	790
5268	4504
5268	3197
5278	2987
5278	765
5278	3983
5278	3241
5278	3973
5278	1763
5278	540
5278	1553
5278	1759
5278	3413
5278	4422
5278	2204
5278	3197
5278	247
5278	1668
5278	3534
5278	1954
5281	893
5287	1572
5287	2327
5287	1790
5287	1559
5294	4095
5294	4406
5294	553
5294	3843
5294	4346
5294	1650
5294	2883
5294	2240
5294	334
5294	4727
5294	1358
5294	2474
5294	3837
5294	2357
5294	4711
5294	4451
5294	3304
5294	1155
5294	3970
5294	215
5294	2093
5294	2573
5294	3301
5294	1454
5294	3477
5294	1224
5294	4450
5294	2592
5294	4389
5294	3566
5294	3664
5294	1517
5294	134
5294	2394
5294	3660
5294	2000
5294	2421
5294	2261
5294	2993
5294	4548
5294	1897
5294	3457
5294	2131
5294	3857
5294	890
5294	4306
5294	4769
5294	414
5294	3009
5294	422
5294	1502
5294	2331
5294	1198
5294	1966
5294	3223
5294	501
5294	4308
5294	1388
5294	3021
5308	1348
5308	3193
5308	3409
5308	4557
5308	3326
5308	4009
5353	3522
5353	4422
5353	2867
5353	720
5353	247
5353	4231
5353	4670
5353	2484
5353	3329
5354	314
5354	2920
5354	1466
5354	2018
5354	3241
5354	1540
5354	4548
5354	893
5354	4748
5354	790
5465	3837
5465	3308
5465	2305
5465	12
5465	4497
5465	29
5465	848
5465	4273
5465	4053
5465	1139
5465	1169
5465	4345
5465	1028
5465	3967
5465	1133
5465	4473
5465	1835
5465	3507
5465	2668
5465	1236
5465	3
5465	377
5465	1593
5465	4190
5465	2735
5465	2702
5465	1285
5465	3140
5465	2996
5465	1635
5465	1059
5465	4467
5465	1741
5465	2448
5465	2197
5465	631
5465	1536
5465	2382
5465	4409
5465	2223
5465	1848
5465	3562
5465	1211
5465	1779
5465	3513
5465	4360
5465	4663
5465	2954
5465	816
5465	3142
5467	3154
5521	3462
5521	2956
5521	1540
5521	27
5521	2577
5521	2149
5521	2023
5521	3795
5521	906
5521	1954
5521	2730
5521	1763
5528	2965
5528	949
5528	1996
5528	3693
5528	546
5531	2577
5531	1578
5531	1763
5537	2092
5537	775
5537	1355
5537	1283
5537	1540
5537	4670
5537	2518
5537	4401
5537	1902
5537	3999
5537	161
5537	4562
5537	893
5537	1505
5537	857
5538	3652
5538	2367
5538	4767
5538	4073
5538	1610
5538	3194
5538	183
5538	997
5538	2813
5538	4072
5565	3534
5565	3715
5565	4423
5565	3866
5565	304
5565	3455
5565	3999
5565	4548
5565	1016
5569	2729
5569	1548
5569	1064
5569	4703
5569	2556
5569	3362
5569	3762
5569	2069
5569	1196
5569	3049
5569	1564
5569	4011
5569	27
5569	399
5576	1108
5576	2683
5637	2818
5637	3528
5637	1476
5637	4597
5637	4394
5637	673
5637	3865
5637	3952
5637	78
5637	3718
5637	2576
5637	775
5637	790
5637	2305
5637	3713
5637	1528
5637	2981
5637	1139
5637	396
5637	980
5637	997
5637	920
5637	4720
5637	272
5637	2740
5637	4705
5637	4663
5637	3196
5637	3373
5637	1354
5637	77
5637	3866
5637	2748
5637	3450
5637	3246
5637	3267
5637	3567
5637	2142
5637	1176
5637	3197
5637	1886
5637	2154
5681	2219
5681	4423
5705	2092
5705	4584
5705	1540
5705	4122
5705	2051
5705	1122
5724	3886
5750	4380
5750	436
5750	1373
5750	1540
5750	3507
5750	3714
5750	4423
5750	189
5750	92
5750	2578
5750	4401
5750	3967
5750	3378
5750	1835
5750	8
5750	2219
5750	24
5750	2092
5750	4122
5750	421
5750	2959
5750	1594
5750	4159
5750	4548
5750	4542
5750	4562
5750	4659
5750	3669
5750	2079
5750	4523
5750	2148
5753	2740
5753	4306
5753	4467
5753	3327
5753	535
5753	183
5764	3902
5764	863
5764	1122
5764	2896
5764	2965
5764	1762
5764	1594
5764	470
5764	3897
5764	3196
5764	4332
5764	522
5764	1940
5764	4592
5764	4339
5764	3329
5764	2079
5770	3197
5770	2577
5770	2516
5770	1018
5770	352
5770	4021
5770	1135
5770	1697
5770	816
5770	720
5784	2617
5784	47
5784	1285
5784	2586
5784	997
5784	535
5784	859
5784	4339
5784	3196
5784	802
5784	4422
5784	637
5784	3713
5784	2031
5795	362
5795	720
5795	3489
5795	3638
5795	1071
5795	3967
5795	3164
5795	4423
5795	1355
5795	2578
5795	4380
5795	1105
5795	3011
5795	350
5795	947
5795	2382
5795	2173
5795	1891
5795	4231
5795	24
5795	3714
5795	4068
5795	3857
5795	4206
5795	4542
5795	1200
5795	4401
5795	3459
5795	1169
5795	1566
5795	1540
5795	765
5795	1953
5795	3378
5795	2219
5795	3074
5795	2898
5795	4523
5795	3534
5795	3615
5833	4422
5833	2577
5833	1619
5833	1540
5837	2681
5837	4160
5837	1999
5837	456
5837	3664
5837	4122
5837	985
5845	1523
5845	4380
5845	3513
5845	4670
5845	4122
5845	4523
5845	2881
5886	3824
5886	2383
5886	247
5886	1179
5886	3713
5886	2484
5886	2382
5887	632
5887	3281
5887	3197
5887	898
5887	2748
5887	997
5887	3972
5902	27
5902	3196
5975	1238
5975	2234
5975	2987
5975	997
5975	4755
5975	3536
5975	4394
5975	2092
5975	4422
5975	1179
6061	1945
6061	1531
6074	421
6074	1835
6074	378
6074	1122
6074	605
6074	1110
6074	3972
6074	4005
6074	3546
6074	2131
6079	4523
6079	169
6079	378
6079	3246
6165	1540
6165	4308
6180	1389
6188	247
6188	1594
6188	3904
6188	1835
6188	375
6249	2777
6263	1835
6263	2340
6263	2577
6263	1476
6263	2382
6263	4127
6263	1540
6283	3300
6283	4497
6300	4401
6300	1102
6300	1773
6300	1681
6300	4449
6300	3828
6300	266
6300	295
6300	4036
6300	68
6300	4373
6300	3415
6300	1961
6300	4122
6300	4690
6300	3450
6300	971
6300	1117
6300	3352
6300	3458
6300	24
6300	3075
6300	767
6300	1513
6300	1193
6300	1327
6300	4642
6300	3770
6300	2328
6300	3282
6300	4422
6300	1110
6312	4542
6312	2031
6312	989
6312	1077
6312	3714
6312	436
6312	4072
6312	985
6312	1603
6375	8
6376	4583
6376	3218
6376	3796
6376	2756
6376	2250
6376	1593
6376	2092
6376	2640
6376	2954
6376	1578
6376	436
6376	1415
6376	234
6376	1485
6376	1947
6376	1963
6376	1540
6376	2311
6376	1489
6376	3126
6376	3960
6376	3711
6376	3329
6376	4422
6376	2204
6376	1538
6376	623
6376	4021
6376	2340
6376	747
6376	2224
6376	931
6376	3805
6376	188
6376	2969
6376	60
6376	1167
6376	4122
6376	4345
6376	802
6376	1672
6376	4000
6376	1570
6376	167
6376	539
6376	3664
6376	2382
6376	3874
6376	1775
6376	2921
6376	630
6376	200
6376	3137
6478	402
6478	4680
6478	4605
6478	247
6478	4431
6478	2906
6478	989
6478	4363
6478	1637
6478	1348
6478	3651
6478	3647
6478	1127
6478	978
6478	77
6478	2352
6478	714
6478	3156
6478	3065
6478	1408
6478	2756
6503	3450
6503	1110
6503	1304
6503	333
6515	2393
6515	116
6515	2748
6515	3972
6515	4001
6515	3197
6521	4422
6521	3546
6521	95
6521	3329
6521	2273
6521	4467
6521	2677
6536	3197
6536	2633
6536	4512
6536	4274
6536	4467
6536	291
6536	2191
6536	312
6536	1139
6536	2577
6576	1566
6576	2382
6576	1113
6576	1596
6576	3452
6576	3507
6576	4422
6576	3534
6576	2455
6576	3866
6576	116
6576	1540
6576	2577
6576	1879
6576	2131
6576	4523
6576	3546
6581	4419
6581	458
6581	671
6581	720
6581	3196
6581	187
6581	3941
6581	2459
6581	2335
6581	2142
6581	3960
6581	2382
6581	2225
6581	28
6581	2478
6581	1835
6581	3947
6581	2925
6581	522
6581	1355
6581	1348
6590	362
6590	3740
6590	3241
6590	1095
6590	4285
6590	4083
6590	358
6590	95
6590	3464
6590	3944
6590	2315
6590	4218
6590	2153
6590	1674
6590	2019
6590	3041
6590	429
6590	3567
6608	2277
6608	1999
6610	2092
6620	4339
6620	3669
6620	605
6620	4308
6620	1771
6620	1525
6620	3246
6620	3857
6620	3999
6620	653
6620	1969
6620	4061
6620	256
6620	1540
6620	1824
6620	2612
6620	378
6620	1267
6620	2970
6620	4401
6620	3972
6620	39
6719	78
6719	571
6762	616
6762	710
6762	3567
6762	333
6762	73
6762	1865
6762	2105
6762	4122
6762	1348
6762	847
6762	1686
6762	1757
6762	282
6762	4273
6762	3507
6762	4472
6762	1236
6762	337
6768	3081
6768	4335
6768	3401
6768	4401
6768	1077
6768	2537
6768	3866
6768	1507
6768	3869
6768	3675
6768	4463
6768	3450
6768	1945
6768	4467
6768	1540
6768	4345
6768	1085
6768	1902
6768	2044
6768	2681
6768	1118
6768	2124
6768	2098
6768	4469
6779	459
6779	1594
6779	3241
6779	3787
6779	1736
6779	1619
6779	535
6779	4659
6779	3267
6779	2639
6779	2956
6779	2577
6780	350
6780	2305
6825	2920
6825	3075
6825	3104
6825	3196
6825	2070
6825	4422
6825	2041
6825	4467
6825	4238
6825	1578
6825	1454
6825	4306
6825	3952
6825	2019
6825	2023
6825	3151
6825	1313
6825	1917
6825	4405
6825	2092
6825	2573
6825	1621
6825	1892
6825	2646
6825	4219
6825	4540
6825	4512
6825	3241
6825	2051
6825	3930
6825	3464
6845	2180
6845	1646
6845	1739
6845	1893
6845	3401
6845	1071
6845	4072
6845	1502
6845	3246
6845	40
6845	4009
6845	1224
6845	1227
6845	1310
6845	4696
6845	1744
6845	2321
6845	2920
6845	2705
6845	3153
6845	2039
6845	3241
6845	358
6845	362
6845	3009
6845	1013
6845	3871
6845	1650
6845	2159
6845	790
6845	4434
6845	1857
6845	118
6845	1803
6845	1578
6845	3999
6845	4401
6845	893
6845	2454
6845	1505
6845	2034
6845	3740
6845	683
6848	2460
6848	786
6848	898
6848	3273
6848	1865
6848	782
6848	2658
6848	2087
6848	3919
6848	2873
6848	2971
6848	2807
6848	542
6848	2520
6848	2092
6848	370
6848	968
6848	3385
6848	1996
6848	1902
6848	3752
6848	4024
6848	4020
6848	4665
6848	2484
6848	3363
6848	4756
6848	4241
6848	1968
6848	4253
6848	4091
6862	3934
6862	3992
6862	729
6862	1958
6862	2748
6862	4475
6862	2428
6862	3411
6862	1041
6862	2763
6862	1428
6862	1626
6862	493
6862	2738
6862	78
6862	2897
6862	3227
6862	2740
6862	3196
6862	1835
6862	4171
6862	4606
6862	4059
6862	734
6862	1619
6862	1823
6862	3544
6862	1339
6893	3960
6893	710
6893	375
6893	3246
6893	1646
6893	2294
6893	2858
6893	2351
6974	1759
6974	1122
6974	3192
6974	535
7000	1610
7050	3507
7062	2577
7062	756
7064	75
7064	2333
7064	45
7064	1644
7064	3693
7064	2069
7064	4553
7064	1915
7064	4498
7103	1621
7104	2039
7104	893
7104	2741
7104	4434
7104	4548
7104	2338
7104	4562
7134	3704
7134	3960
7134	1610
7134	1186
7134	350
7134	4511
7134	4699
7134	1588
7134	3382
7134	2469
7134	4292
7134	3366
7134	456
7134	2577
7134	3653
7134	1945
7134	1624
7134	4422
7134	3152
7134	1540
7134	4620
7134	169
7134	4206
7134	1719
7134	3866
7134	3999
7134	4009
7134	3241
7134	4755
7134	1499
7134	1013
7134	2955
7134	1521
7134	3464
7134	992
7134	118
7134	1838
7134	1578
7146	1179
7146	4642
7146	2041
7146	2922
7146	1902
7224	3196
7224	3365
7224	1773
7224	2748
7224	3569
7224	360
7224	997
7224	4001
7224	1540
7245	2131
7245	1733
7245	4670
7245	4449
7245	3241
7245	4122
7245	4000
7245	3197
7245	284
7245	1179
7245	3452
7245	3281
7245	1492
7277	1036
7277	1506
7277	4029
7277	4702
7277	4385
7277	4484
7277	3736
7277	3104
7277	539
7277	2542
7277	838
7277	1505
7277	2365
7277	4545
7277	1578
7277	3461
7277	1644
7277	2126
7277	3462
7277	2981
7277	3921
7277	522
7277	782
7277	2092
7277	3465
7277	2118
7277	1077
7277	1009
7277	931
7277	419
7277	546
7277	198
7277	3376
7277	3904
7277	4443
7301	930
7301	3489
7301	1580
7301	1105
7301	2983
7301	2152
7301	3963
7301	3378
7301	1071
7301	616
7301	2275
7301	2948
7301	1763
7301	460
7301	1110
7301	3967
7301	3366
7301	4135
7301	4401
7301	3871
7301	2474
7301	3401
7301	1953
7301	2219
7301	247
7301	2148
7301	3999
7301	765
7301	893
7301	4460
7301	4511
7301	2382
7301	1879
7301	1505
7301	350
7301	2578
7301	3495
7346	4339
7346	1881
7346	3001
7346	421
7346	3952
7367	2866
7367	1465
7367	1644
7367	4324
7367	27
7406	932
7406	3452
7406	3170
7406	2368
7406	1183
7406	4263
7406	2748
7406	2484
7406	1540
7406	4443
7406	3972
7406	539
7406	2922
7406	404
7423	2542
7521	2981
7521	1012
7521	1954
7521	161
7521	801
7521	1505
7521	3837
7521	3241
7521	4214
7521	2484
7554	2827
7554	3197
7554	3714
7554	1077
7554	3638
7576	1179
7576	2335
7576	4122
7590	3952
7590	2519
7590	4242
7590	2092
7590	3144
7590	3758
7590	87
7590	3811
7590	4465
7590	4755
7590	3464
7590	2094
7590	2180
7590	434
7590	2041
7590	4367
7590	1521
7590	4024
7590	1610
7593	1540
7638	1505
7638	2542
7640	814
7652	4273
7652	2474
7652	691
7652	4422
7652	3682
7652	2969
7652	4464
7652	1203
7652	2635
7652	2748
7652	3972
7652	2920
7652	3291
7652	1446
7652	2740
7652	2976
7652	2472
7652	2061
7652	769
7652	4268
7652	4751
7652	1706
7652	2148
7652	2025
7652	525
7652	429
7652	304
7652	4266
7652	119
7652	134
7652	4744
7652	1138
7652	4548
7652	1675
7652	4067
7652	3732
7652	2519
7652	2510
7652	2448
7652	3426
7652	3765
7652	952
7652	4053
7652	4647
7652	3002
7652	116
7652	1600
7653	4562
7671	58
7671	4519
7672	1566
7672	2402
7672	2092
7710	4744
7710	378
7753	2474
7753	2092
7756	1309
7756	3241
7756	1203
7756	1324
7756	2136
7756	74
7756	3867
7756	2185
7756	2410
7756	3930
7756	4284
7756	821
7756	1113
7756	765
7756	274
7756	3569
7756	2023
7756	2522
7756	3597
7756	1447
7756	214
7756	2251
7756	2294
7756	3632
7756	3205
7756	3653
7756	4460
7756	608
7756	398
7756	3366
7756	402
7756	2933
7756	2881
7756	3740
7756	4480
7756	160
7756	2205
7756	703
7756	4178
7756	1135
7756	4009
7756	1566
7756	3628
7766	4201
7766	2969
7766	888
7854	3534
7855	4690
7855	3546
7855	1499
7855	2329
7866	4748
7866	1540
7883	838
7897	2763
7897	1835
7897	1759
7897	1568
7897	1085
7897	3540
7897	3566
7897	2639
7897	2044
7897	2251
7900	3628
7900	2173
7900	4506
7900	4423
7900	2342
7900	2219
7900	558
7900	3024
7900	2683
7900	1077
7900	3871
7900	1
7900	869
7900	3155
7900	2443
7900	1954
7900	2913
7900	4401
7900	3205
7900	161
7900	4212
7900	4206
7900	1857
7900	1071
7900	187
7900	2300
7900	3534
7900	4027
7902	4212
7902	4558
7902	4714
7902	3464
7943	2697
7943	3824
7966	3562
7966	3160
7966	132
7966	267
7966	3746
7966	1118
7966	932
7966	837
7973	2219
7973	359
7973	2577
7973	157
7973	3714
7973	522
7973	3300
7973	1578
7973	4548
7973	3197
7973	1110
7973	2159
7973	4022
7973	337
7973	3522
7973	1610
7973	1218
7973	3613
7973	4306
7973	2382
7973	3667
7973	2763
7973	3109
7973	2716
7973	4104
7973	4159
7973	2393
7973	3787
7973	375
7973	1118
7973	402
7973	3102
7973	1566
7973	2920
7973	1373
7973	1505
7973	1238
7973	4519
7973	4584
7973	24
7973	821
7973	2595
7973	2131
7973	3154
7973	3871
7973	4690
7973	781
7973	1825
7973	3546
7973	46
7973	137
7973	1601
7973	2956
7973	4203
7973	2850
7973	3628
7973	4072
7973	997
7973	3520
7973	4001
7973	1540
7973	2342
7973	628
7973	950
7973	957
7973	893
7973	4562
7973	2292
7973	2612
7973	714
8018	2364
8018	2382
8018	3154
47	3264
47	1760
47	3064
47	40
47	377
47	4339
47	1373
47	637
67	4153
110	1405
110	1596
111	4395
111	378
111	2873
136	4755
136	2789
174	421
174	1757
175	711
212	1203
212	1575
212	2577
212	4548
215	2159
230	378
230	4422
230	3664
301	2092
301	1118
301	1610
301	4122
301	2131
301	3507
305	436
305	3197
323	1578
331	1007
429	2577
444	362
444	314
490	4444
490	1996
490	708
490	1196
490	2069
499	1285
499	2275
499	2067
499	1945
499	350
499	3615
502	2577
502	821
502	1759
502	4266
525	350
525	1071
599	1945
635	3241
650	2351
650	1954
650	714
650	4266
650	2268
650	893
650	1095
650	3459
650	869
650	1355
684	847
781	2740
781	57
790	2577
790	1660
790	4401
790	2219
790	4484
790	2579
790	3009
790	3197
790	1540
790	4504
790	242
790	3798
795	1565
795	1388
795	2142
795	1071
795	2474
795	24
861	2545
861	3232
861	4021
861	3498
947	2060
947	1011
947	475
947	1276
947	191
947	4719
947	898
947	1295
947	1493
947	208
947	3699
947	27
977	4562
996	27
1006	893
1036	330
1036	1122
1037	1105
1037	4339
1037	2956
1108	3241
1108	4400
1132	2816
1142	2335
1180	4258
1188	2111
1189	997
1189	4422
1203	3534
1208	4744
1210	2804
1210	1958
1210	3522
1210	838
1272	4373
1278	417
1278	2600
1278	3414
1311	3615
1311	223
1311	1122
1311	1763
1311	522
1311	1105
1346	1635
1378	4484
1379	2092
1379	24
1379	1610
1379	3241
1379	540
1390	1196
1395	4345
1398	825
1398	3567
1398	1702
1398	3446
1398	1169
1398	4029
1398	2092
1398	4311
1398	2517
1398	1610
1398	3998
1398	3019
1418	3866
1418	3942
1418	4230
1418	1578
1418	865
1418	2740
1455	2998
1455	3450
1455	765
1469	2740
1495	3300
1495	3241
1495	2340
1495	4303
1495	1505
1495	1239
1495	4491
1495	1769
1495	1139
1495	1759
1495	4700
1495	2148
1495	4584
1495	2712
1495	2850
1495	4122
1495	4519
1495	2251
1495	311
1495	997
1507	378
1522	270
1522	997
1522	1499
1532	1179
1544	208
1544	1348
1544	3160
1544	1229
1544	1568
1544	2035
1544	2216
1544	290
1556	2092
1594	251
1613	1954
1671	535
1671	4475
1671	3516
1671	2619
1671	1176
1705	1506
1705	2375
1705	148
1705	775
1753	1733
1753	3521
1753	1835
1765	4491
1765	1857
1765	820
1765	3197
1765	1203
1765	1835
1765	4024
1765	3411
1765	3522
1765	1105
1765	583
1765	3241
1765	1139
1765	3489
1765	1619
1765	522
1765	4584
1765	4399
1765	247
1765	906
1795	1203
1910	4122
1939	1122
1959	1135
1970	2148
1970	4744
1970	2920
1970	4548
1970	4074
1996	3787
1996	4674
1996	2020
1996	3837
1996	4401
1996	2219
1996	3350
1996	3176
1996	4380
1996	4306
1996	3153
1996	2389
2039	2148
2063	4422
2089	1139
2089	4422
2103	1139
2126	3507
2127	2105
2127	3957
2127	2677
2175	3507
2175	3459
2175	1879
2175	2351
2175	1800
2175	1646
2175	350
2175	940
2186	3452
2186	3633
2186	3477
2186	690
2186	2973
2236	1540
2236	1105
2236	2092
2236	2987
2283	628
2283	3006
2283	3279
2283	3426
2291	4380
2291	1502
2293	3197
2293	3233
2313	1600
2344	4148
2344	726
2344	4085
2344	3463
2344	2880
2344	429
2346	1179
2385	2142
2464	1373
2464	3522
2464	132
2464	3507
2464	2039
2464	223
2464	893
2464	4548
2464	930
2464	4029
2464	1879
2464	1324
2464	4104
2464	2612
2464	3154
2475	1077
2475	1790
2475	2469
2475	2948
2476	522
2476	1135
2476	3145
2476	2092
2476	118
2476	2577
2612	3197
2617	2812
2617	3747
2617	4422
2617	4405
2617	2312
2617	4102
2617	4542
2618	997
2646	4548
2646	3255
2646	4562
2648	2881
2648	1589
2648	4770
2648	4423
2648	3615
2648	475
2648	3291
2648	3711
2659	1667
2659	3543
2659	2403
2659	4028
2659	2996
2659	3795
2659	671
2659	1835
2659	46
2659	72
2667	2362
2667	4333
2667	1809
2667	1769
2667	4744
2667	3160
2702	3629
2702	3281
2702	4440
2705	2415
2705	591
2705	930
2705	375
2705	475
2705	2403
2735	930
2735	2305
2735	3622
2785	2619
2795	326
2795	598
2795	3104
2795	1139
2795	1122
2795	1540
2795	3972
2795	1202
2795	1945
2795	3186
2795	2577
2795	375
2795	824
2795	2780
2803	1387
2833	3917
2836	4103
2848	2996
2911	1132
2914	94
2939	3452
2939	3373
2942	1300
2961	1954
2965	419
2975	1274
2975	1122
2975	2358
3037	765
3037	24
3037	33
3037	1355
3047	3246
3047	4000
3047	4308
3047	1359
3047	1566
3047	2340
3047	3382
3047	2705
3047	2748
3047	1139
3047	1902
3047	893
3047	4345
3047	4631
3101	4422
3114	1163
3114	1289
3114	3713
3114	375
3114	2142
3171	4333
3212	1506
3233	1446
3237	546
3237	3247
3237	1843
3237	1135
3255	2748
3255	249
3255	137
3255	2364
3255	2956
3255	4145
3255	1869
3258	421
3266	3327
3301	3401
3340	4246
3340	2761
3340	801
3340	3534
3387	893
3387	3507
3387	2402
3387	3967
3387	1691
3387	1954
3387	765
3387	4542
3503	1516
3503	1333
3503	522
3521	18
3521	2873
3521	423
3521	23
3521	4051
3521	3904
3521	2893
3521	82
3521	1850
3521	3332
3521	282
3521	3434
3521	2192
3564	1763
3564	291
3564	1886
3564	2519
3564	2496
3576	24
3587	1436
3590	1540
3633	358
3703	3507
3703	2452
3703	1041
3707	3267
3710	2251
3767	624
3767	1616
3767	3929
3767	1250
3772	631
3772	3515
3772	4376
3772	3804
3772	4306
3772	4250
3772	2842
3772	222
3772	434
3772	3246
3772	3978
3772	2094
3772	2369
3772	3193
3772	87
3772	4768
3772	3931
3772	163
3775	4070
3828	1110
3833	637
3853	247
3853	2063
3854	3562
3856	3534
3856	4423
3864	4047
3888	2219
3888	1139
3888	2881
3899	3196
3917	2176
3917	2501
3917	3866
3924	2718
3930	3197
3957	2083
3957	2921
3957	888
4000	4422
4004	4159
4004	4467
4047	1855
4047	2092
4047	399
4047	1990
4047	4213
4047	2165
4047	3197
4047	3461
4047	2582
4047	2449
4072	4548
4093	2092
4115	3735
4132	2402
4132	2362
4190	535
4201	997
4256	4670
4256	4000
4256	24
4256	3534
4256	1555
4256	988
4256	3135
4256	2382
4256	3153
4285	4401
4295	3943
4298	522
4298	4422
4298	2577
4298	4212
4298	861
4298	4744
4298	1702
4298	535
4299	3787
4299	138
4299	2770
4374	1203
4411	1077
4411	2382
4411	3245
4411	1179
4464	282
4494	2987
4494	2223
4494	3385
4494	595
4494	1584
4494	2670
4494	2334
4494	676
4512	4475
4512	649
4512	889
4512	4584
4547	2105
4552	1499
4552	3615
4594	4524
4594	2041
4600	3587
4600	3246
4600	4065
4600	3921
4600	1236
4600	2965
4600	785
4600	24
4618	47
4618	4720
4618	1499
4634	2974
4642	1355
4658	1122
4658	3871
4684	2484
4712	3257
4719	1540
4724	1540
4724	667
4724	4467
4724	2364
4731	3268
4731	4145
4731	3714
4758	893
4772	1578
4828	1879
4828	3615
4828	362
4828	3507
4828	1105
4828	1891
4828	4423
4842	4303
4842	247
4844	280
4844	2657
4844	2921
4844	3154
4870	3839
4902	2981
4902	2540
4902	3864
4902	1348
4902	282
4902	4268
4911	3489
4911	4460
4911	1699
4911	4548
4911	1286
4911	4542
4911	3459
4911	4286
4947	3018
4965	222
4965	4036
4965	1327
5046	2219
5049	1236
5128	3669
5128	4670
5128	3329
5128	95
5128	3698
5128	326
5128	1578
5128	2023
5128	1902
5128	140
5128	3561
5128	2784
5128	2872
5128	475
5128	2954
5128	258
5147	3049
5147	3507
5160	535
5160	775
5160	1621
5179	330
5191	4333
5191	1071
5191	4000
5191	3999
5191	1077
5191	3401
5205	4001
5205	1578
5221	2474
5221	2578
5221	4422
5221	1309
5221	3740
5221	1203
5221	242
5221	2137
5221	1646
5221	4523
5221	1345
5221	2464
5221	4206
5221	2740
5221	421
5221	1012
5221	1896
5221	4367
5221	3378
5221	4064
5223	3196
5223	3246
5246	4072
5251	3188
5251	3293
5251	2318
5268	1669
5268	3999
5268	816
5268	2021
5268	1354
5278	2942
5278	459
5278	2092
5278	90
5278	263
5281	4562
5287	2577
5294	930
5294	2924
5294	2920
5294	2092
5294	1406
5294	550
5294	2329
5294	2860
5294	2299
5294	1896
5294	4102
5294	3401
5294	3870
5294	1354
5294	4048
5294	1187
5294	33
5308	1122
5353	1879
5353	3871
5354	1505
5354	1135
5354	1224
5465	307
5465	2219
5465	691
5465	1117
5465	4560
5465	4744
5465	4310
5465	3829
5465	4661
5465	4438
5465	14
5465	3154
5465	3254
5465	1679
5467	2092
5521	2148
5521	3972
5521	3329
5528	2873
5531	1594
5537	3241
5537	1110
5537	2683
5537	4548
5538	1833
5538	3241
5538	152
5565	362
5565	1499
5569	782
5569	2170
5569	1968
5569	1119
5576	27
5637	1121
5637	172
5637	4755
5637	4072
5637	4389
5637	318
5637	1505
5637	821
5637	1170
5637	2763
5637	1566
5637	3566
5681	3241
5705	4467
5724	3197
5750	3871
5750	1566
5750	3450
5750	3866
5750	2577
5750	1699
5750	3241
5750	1624
5753	3824
5764	4122
5764	4659
5764	1745
5764	2540
5770	4467
5770	1118
5784	3687
5784	3530
5784	983
5784	3197
5795	3871
5795	3636
5795	187
5795	1825
5795	1954
5795	3135
5795	2881
5795	569
5795	1945
5795	393
5795	1857
5833	137
5837	3561
5837	930
5845	67
5886	3520
5887	4159
5902	4744
5975	1578
5975	1566
6061	2577
6074	3267
6074	3399
6074	1619
6079	4401
6165	2092
6180	898
6188	3450
6249	3576
6263	1373
6283	2956
6300	3212
6300	3787
6300	3847
6300	2731
6300	3329
6300	4000
6300	3561
6300	555
6300	2577
6312	3197
6312	4359
6375	4401
6376	140
6376	3527
6376	2112
6376	875
6376	605
6376	1706
6376	4670
6376	18
6376	4647
6376	1013
6376	1505
6376	888
6376	3164
6376	2859
6376	2606
6478	291
6478	2522
6478	711
6478	3464
6478	3441
6478	3254
6503	2921
6515	2159
6521	375
6521	1594
6536	2525
6536	4266
6576	3498
6576	2996
6576	4321
6576	2039
6576	1324
6581	2577
6581	3866
6581	3713
6581	3562
6581	714
6581	524
6590	1350
6590	2748
6590	2305
6590	1199
6590	3205
6608	2484
6610	3871
6620	2357
6620	1261
6620	295
6620	1958
6620	2362
6620	671
6719	3233
6762	1540
6762	2028
6762	4422
6762	225
6762	27
6768	3854
6768	3864
6768	744
6768	1324
6768	3787
6768	4371
6779	2586
6779	3378
6779	189
6780	2039
6825	628
6825	893
6825	161
6825	3507
6825	3281
6825	4478
6825	814
6825	3972
6825	4346
6845	4178
6845	1077
6845	2131
6845	540
6845	2469
6845	2299
6845	4723
6845	2612
6845	2152
6845	1540
6845	1
6845	1194
6848	3072
6848	297
6848	3925
6848	1295
6848	378
6848	748
6848	221
6848	3998
6848	2333
6862	436
6862	522
6862	4467
6862	3674
6862	3516
6862	671
6862	2995
6862	3175
6893	1153
6893	3464
6974	1312
7000	2740
7050	2655
7062	1757
7064	3547
7064	1847
7103	3714
7104	3660
7104	1224
7134	2371
7134	4122
7134	1203
7134	2789
7134	3972
7134	628
7134	3246
7134	2736
7134	3149
7134	2159
7146	378
7224	4475
7224	2763
7245	2577
7245	4029
7245	1540
7245	522
7277	1122
7277	3429
7277	421
7277	258
7277	27
7277	1758
7277	1996
7277	1763
7277	3385
7277	3291
7301	4423
7301	4523
7301	3293
7301	1404
7301	4178
7301	1464
7301	2580
7301	3011
7301	3866
7301	842
7346	2748
7367	2908
7406	4553
7406	282
7406	2577
7406	768
7423	4589
7521	2730
7521	2474
7554	350
7576	1540
7590	4250
7590	63
7590	4557
7590	3246
7590	3145
7590	3159
7593	3507
7638	3567
7640	2748
7652	1870
7652	468
7652	1095
7652	4306
7652	4491
7652	1374
7652	1286
7652	1646
7652	3353
7652	4465
7652	3983
7652	1598
7652	4467
7652	4748
7653	330
7671	1610
7672	3291
7710	3667
7753	4223
7756	4523
7756	3660
7756	2223
7756	1575
7756	375
7756	989
7756	3667
7756	1732
7756	291
7756	4423
7756	3534
7756	1127
7766	2148
7854	4548
7855	1763
7866	1954
7883	2126
7897	1324
7897	2735
7900	4107
7900	4542
7900	4009
7900	2079
7900	3241
7900	2687
7900	2842
7900	947
7902	3197
7943	2847
7966	24
7966	4659
7973	1139
7973	4751
7973	3135
7973	3543
7973	4024
7973	1835
7973	2151
7973	2987
7973	3866
7973	2105
7973	4345
7973	1902
7973	3591
7973	2305
7973	247
7973	2153
7973	3267
7973	857
7973	378
7973	790
8018	3438
47	2027
47	3196
47	1054
67	359
110	4562
111	3450
136	1646
174	2105
175	1799
212	3241
212	893
215	3399
230	4059
301	1860
301	613
305	183
323	399
331	3669
429	4459
444	375
490	670
490	3657
499	3401
499	1691
502	4670
502	1314
525	2430
599	3153
635	2163
650	3274
650	67
650	1763
650	956
650	187
684	3567
781	295
790	947
790	24
790	1499
790	1945
790	3811
790	1502
795	1624
795	1610
795	421
861	1948
947	539
947	2598
947	2459
947	3671
947	4029
977	2921
996	1711
1006	1578
1036	79
1037	1218
1108	1879
1132	4122
1142	3197
1180	375
1188	4670
1189	3912
1203	2987
1208	3546
1210	1196
1210	161
1272	2150
1278	3241
1311	360
1311	1218
1311	4054
1346	1999
1378	3952
1379	2173
1379	3534
1390	4395
1395	981
1398	1578
1398	1116
1398	247
1398	2807
1398	4744
1418	283
1418	2560
1418	2975
1455	3638
1469	4251
1495	2922
1495	3197
1495	3105
1495	1954
1495	3940
1495	1619
1495	3669
1495	2612
1495	1865
1495	4158
1507	1374
1522	4422
1532	3827
1544	4553
1544	2748
1544	2771
1556	1238
1594	1373
1613	2730
1671	59
1671	3197
1705	27
1705	222
1753	4302
1765	3467
1765	1466
1765	350
1765	2358
1765	3196
1765	2403
1765	2051
1765	429
1765	3667
1765	4315
1795	3196
1910	2612
1939	4422
1959	816
1970	522
1970	1540
1996	359
1996	1446
1996	2342
1996	2079
1996	1343
2039	2340
2063	3507
2089	4104
2103	1624
2126	2921
2127	1289
2175	4465
2175	274
2175	2187
2175	1071
2186	2947
2186	3684
2236	77
2283	1610
2283	4113
2291	3401
2293	3135
2313	2185
2344	475
2344	838
2344	2856
2346	3104
2385	1139
2464	1584
2464	95
2464	2996
2464	1135
2464	720
2464	2079
2464	24
2475	1891
2475	2299
2476	1369
2476	3471
2612	2577
2617	3274
2617	1553
2617	223
2618	1610
2646	274
2648	3521
2648	4511
2648	904
2648	742
2659	1441
2659	2092
2659	639
2659	371
2659	3999
2667	2577
2667	1196
2702	3259
2705	874
2705	1506
2705	760
2735	442
2785	1396
2795	371
2795	1588
2795	3562
2795	2305
2795	3197
2795	3669
2795	754
2803	1285
2833	701
2836	3072
2848	1768
2911	3795
2914	2655
2939	1283
2942	45
2961	2588
2965	27
2975	152
3037	2173
3047	4475
3047	402
3047	2573
3047	2921
3047	1013
3047	2094
3101	3291
3114	1115
3114	3631
3171	3193
3212	3034
3233	2866
3237	1514
3255	4485
3255	1308
3255	1947
3258	2382
3266	4159
3301	1122
3340	137
3340	4600
3387	3489
3387	1808
3387	4027
3503	7
3521	3602
3521	4579
3521	2595
3521	874
3521	1179
3521	666
3564	4298
3564	4229
3576	3291
3587	4306
3590	2092
3633	2965
3703	3615
3707	1324
3710	893
3767	968
3767	2922
3772	2273
3772	1357
3772	4335
3772	2949
3772	3158
3772	3822
3772	1892
3772	1646
3775	1179
3828	3145
3833	3438
3853	2382
3854	1455
3856	2299
3864	1179
3888	50
3899	3714
3917	1096
3924	765
3930	1596
3957	3718
4000	2577
4004	3972
4047	2267
4047	855
4047	557
4047	535
4072	2382
4093	328
4115	647
4132	4423
4190	1763
4201	4518
4256	4345
4256	2577
4256	2881
4256	2681
4285	1179
4295	3725
4298	944
4298	375
4298	4670
4299	730
4374	3534
4411	375
4411	1139
4464	2577
4494	2577
4494	3160
4494	311
4512	163
4512	1139
4547	2875
4552	24
4594	3364
4600	322
4600	2382
4600	4665
4618	4690
4634	375
4642	2578
4658	2041
4684	3233
4712	1578
4719	720
4724	837
4731	714
4758	1105
4772	2092
4828	1566
4828	1825
4828	2173
4842	77
4844	2148
4844	1505
4870	3422
4902	1592
4902	4324
4902	2993
4911	4562
4911	893
4911	3967
4947	1930
4965	24
5046	3714
5049	2382
5128	4698
5128	4346
5128	3348
5128	2612
5128	1955
5128	2730
5128	1773
5128	2250
5147	1179
5160	18
5179	2748
5191	2275
5191	2092
5191	4401
5205	3866
5221	4389
5221	2131
5221	2187
5221	3301
5221	3787
5221	3401
5221	4380
5221	3818
5221	4423
5221	541
5223	3191
5246	637
5251	2365
5268	3300
5268	4059
5278	3077
5278	4744
5281	4548
5287	292
5294	653
5294	4161
5294	4371
5294	1077
5294	1096
5294	1722
5294	1466
5294	100
5308	2748
5353	3024
5354	2358
5465	637
5465	3450
5465	4620
5465	500
5465	117
5465	716
5465	3192
5467	4744
5521	4422
5528	248
5531	2092
5537	2149
5537	1763
5538	2695
5565	4266
5569	1616
5569	3262
5576	311
5637	3165
5637	4158
5637	4308
5637	3664
5637	4467
5637	4674
5681	3901
5705	2484
5724	893
5750	1945
5750	3534
5750	765
5750	3520
5753	78
5764	226
5764	1540
5770	1540
5784	2358
5784	78
5795	4009
5795	3241
5795	3866
5795	2079
5795	3274
5833	378
5837	2577
5845	3963
5886	1169
5887	2382
5902	1365
5975	3972
6061	1139
6074	3154
6079	421
6165	2987
6180	4000
6188	3197
6249	1038
6263	4055
6283	2875
6300	1750
6300	1790
6300	1754
6300	2148
6312	1837
6375	1540
6376	3426
6376	433
6376	633
6376	870
6376	2044
6376	3546
6376	1352
6478	1666
6478	4024
6503	1668
6515	3841
6521	137
6536	1540
6576	1139
6576	204
6581	8
6581	2748
6590	4266
6590	1455
6608	2697
6610	2730
6620	1373
6620	3866
6620	2731
6719	2293
6762	1122
6762	72
6768	3291
6768	2089
6768	4306
6779	4542
6780	898
6825	562
6825	4382
6825	48
6825	3426
6845	2921
6845	3870
6845	4697
6845	2411
6845	1130
6845	4607
6848	109
6848	755
6848	1152
6848	1300
6862	1085
6862	861
6862	223
6893	3567
6974	893
7000	247
7050	2351
7062	3546
7064	3049
7103	2683
7104	3154
7134	3698
7134	1902
7134	2223
7134	1476
7134	2983
7146	3468
7224	4054
7245	4401
7277	4133
7277	997
7277	1968
7277	1610
7277	4422
7301	2187
7301	2881
7301	1077
7301	2921
7301	3660
7346	4021
7367	782
7406	1066
7406	4345
7423	546
7521	626
7554	4401
7576	2577
7590	2846
7590	1646
7593	451
7638	670
7640	3140
7652	1540
7652	2240
7652	80
7652	3567
7652	3484
7652	2384
7653	2351
7671	4159
7672	3866
7710	941
7753	3666
7756	1507
7756	1077
7756	2211
7756	4467
7756	4690
7756	947
7766	985
7854	3241
7855	3154
7866	535
7883	1119
7897	2740
7900	3378
7900	801
7900	3272
7902	4423
7943	4596
7966	2493
7973	3562
7973	3378
7973	3534
7973	377
7973	3507
7973	816
7973	4122
7973	1324
7973	3967
7973	989
8018	2484
